# size:1500 N:3500 eta:1
 727.75 650
727.25 651
726.75 652
726.25 653
727.25 653
730.25 653
731.25 653
725.75 654
727.75 654
728.75 654
729.75 654
731.75 654
732.75 654
733.75 654
728.25 655
730.25 655
732.25 655
730.75 656
732.75 656
733.75 656
734.75 656
751.75 656
731.25 657
732.25 657
751.25 657
732.75 658
734.75 658
741.75 658
750.75 658
751.75 658
752.75 658
730.25 659
731.25 659
732.25 659
733.25 659
734.25 659
735.25 659
741.25 659
749.25 659
750.25 659
751.25 659
752.25 659
729.75 660
733.75 660
740.75 660
748.75 660
749.75 660
750.75 660
732.25 661
734.25 661
735.25 661
738.25 661
740.25 661
741.25 661
747.25 661
748.25 661
732.75 662
733.75 662
738.75 662
739.75 662
740.75 662
741.75 662
742.75 662
746.75 662
748.75 662
732.25 663
733.25 663
739.25 663
740.25 663
747.25 663
733.75 664
739.75 664
746.75 664
733.25 665
734.25 665
740.25 665
745.25 665
746.25 665
751.25 665
734.75 666
740.75 666
741.75 666
743.75 666
744.75 666
745.75 666
747.75 666
748.75 666
749.75 666
750.75 666
733.25 667
734.25 667
735.25 667
736.25 667
737.25 667
739.25 667
740.25 667
742.25 667
744.25 667
745.25 667
747.25 667
750.25 667
736.75 668
738.75 668
739.75 668
741.75 668
742.75 668
743.75 668
745.75 668
746.75 668
747.75 668
748.75 668
749.75 668
750.75 668
737.25 669
740.25 669
741.25 669
742.25 669
743.25 669
744.25 669
746.25 669
749.25 669
750.25 669
753.25 669
736.75 670
739.75 670
748.75 670
750.75 670
751.75 670
752.75 670
732.25 671
733.25 671
736.25 671
737.25 671
739.25 671
733.75 672
737.75 672
738.75 672
742.75 672
743.75 672
744.75 672
794.75 672
733.25 673
736.25 673
737.25 673
739.25 673
740.25 673
741.25 673
742.25 673
794.25 673
732.75 674
739.75 674
740.75 674
741.75 674
742.75 674
743.75 674
793.75 674
794.75 674
795.75 674
733.25 675
737.25 675
738.25 675
739.25 675
740.25 675
794.25 675
732.75 676
733.75 676
734.75 676
738.75 676
739.75 676
740.75 676
790.75 676
794.75 676
795.75 676
731.25 677
732.25 677
734.25 677
735.25 677
739.25 677
741.25 677
791.25 677
792.25 677
793.25 677
794.25 677
796.25 677
735.75 678
739.75 678
740.75 678
741.75 678
791.75 678
792.75 678
794.75 678
796.75 678
732.25 679
735.25 679
736.25 679
737.25 679
739.25 679
791.25 679
797.25 679
732.75 680
737.75 680
738.75 680
739.75 680
740.75 680
741.75 680
742.75 680
771.75 680
785.75 680
789.75 680
790.75 680
797.75 680
732.25 681
733.25 681
734.25 681
739.25 681
772.25 681
784.25 681
785.25 681
789.25 681
790.25 681
733.75 682
736.75 682
738.75 682
739.75 682
740.75 682
771.75 682
781.75 682
782.75 682
783.75 682
785.75 682
789.75 682
790.75 682
733.25 683
734.25 683
737.25 683
738.25 683
740.25 683
771.25 683
772.25 683
782.25 683
784.25 683
785.25 683
786.25 683
789.25 683
790.25 683
791.25 683
734.75 684
737.75 684
738.75 684
739.75 684
770.75 684
784.75 684
785.75 684
786.75 684
789.75 684
790.75 684
791.75 684
733.25 685
734.25 685
735.25 685
736.25 685
737.25 685
738.25 685
740.25 685
769.25 685
770.25 685
786.25 685
789.25 685
792.25 685
736.75 686
737.75 686
741.75 686
770.75 686
785.75 686
788.75 686
734.25 687
738.25 687
741.25 687
771.25 687
786.25 687
789.25 687
795.25 687
734.75 688
735.75 688
738.75 688
739.75 688
740.75 688
770.75 688
777.75 688
785.75 688
789.75 688
790.75 688
791.75 688
794.75 688
729.25 689
733.25 689
734.25 689
736.25 689
737.25 689
738.25 689
741.25 689
771.25 689
775.25 689
778.25 689
786.25 689
790.25 689
791.25 689
792.25 689
793.25 689
794.25 689
795.25 689
726.75 690
729.75 690
730.75 690
731.75 690
732.75 690
737.75 690
770.75 690
772.75 690
774.75 690
775.75 690
776.75 690
777.75 690
778.75 690
785.75 690
786.75 690
789.75 690
726.25 691
727.25 691
728.25 691
729.25 691
730.25 691
732.25 691
733.25 691
735.25 691
736.25 691
737.25 691
770.25 691
771.25 691
773.25 691
774.25 691
787.25 691
788.25 691
789.25 691
731.75 692
733.75 692
736.75 692
766.75 692
767.75 692
768.75 692
770.75 692
771.75 692
772.75 692
773.75 692
786.75 692
787.75 692
789.75 692
790.75 692
791.75 692
729.25 693
730.25 693
731.25 693
734.25 693
735.25 693
737.25 693
751.25 693
755.25 693
769.25 693
770.25 693
786.25 693
787.25 693
788.25 693
792.25 693
793.25 693
794.25 693
795.25 693
734.75 694
735.75 694
736.75 694
737.75 694
750.75 694
751.75 694
753.75 694
754.75 694
755.75 694
769.75 694
770.75 694
771.75 694
786.75 694
788.75 694
789.75 694
792.75 694
733.25 695
734.25 695
735.25 695
736.25 695
738.25 695
751.25 695
752.25 695
754.25 695
770.25 695
786.25 695
789.25 695
790.25 695
791.25 695
792.25 695
733.75 696
734.75 696
736.75 696
737.75 696
752.75 696
753.75 696
767.75 696
768.75 696
769.75 696
786.75 696
788.75 696
791.75 696
792.75 696
793.75 696
737.25 697
738.25 697
739.25 697
752.25 697
768.25 697
769.25 697
786.25 697
788.25 697
789.25 697
738.75 698
752.75 698
768.75 698
769.75 698
784.75 698
785.75 698
786.75 698
787.75 698
788.75 698
789.75 698
790.75 698
791.75 698
792.75 698
737.25 699
738.25 699
752.25 699
768.25 699
769.25 699
784.25 699
785.25 699
787.25 699
791.25 699
793.25 699
737.75 700
738.75 700
752.75 700
753.75 700
768.75 700
769.75 700
784.75 700
787.75 700
739.25 701
749.25 701
753.25 701
756.25 701
766.25 701
767.25 701
769.25 701
783.25 701
784.25 701
787.25 701
720.75 702
738.75 702
748.75 702
749.75 702
753.75 702
755.75 702
767.75 702
768.75 702
770.75 702
771.75 702
782.75 702
783.75 702
784.75 702
786.75 702
787.75 702
788.75 702
791.75 702
721.25 703
738.25 703
739.25 703
743.25 703
744.25 703
749.25 703
753.25 703
754.25 703
755.25 703
769.25 703
770.25 703
780.25 703
781.25 703
782.25 703
783.25 703
786.25 703
788.25 703
791.25 703
792.25 703
721.75 704
739.75 704
740.75 704
741.75 704
742.75 704
743.75 704
744.75 704
747.75 704
749.75 704
753.75 704
756.75 704
768.75 704
769.75 704
778.75 704
780.75 704
784.75 704
785.75 704
786.75 704
787.75 704
791.75 704
792.75 704
793.75 704
722.25 705
740.25 705
748.25 705
749.25 705
753.25 705
754.25 705
756.25 705
769.25 705
770.25 705
771.25 705
772.25 705
774.25 705
778.25 705
781.25 705
782.25 705
783.25 705
784.25 705
785.25 705
788.25 705
792.25 705
793.25 705
720.75 706
722.75 706
737.75 706
738.75 706
740.75 706
747.75 706
748.75 706
749.75 706
752.75 706
753.75 706
754.75 706
755.75 706
771.75 706
773.75 706
777.75 706
780.75 706
781.75 706
784.75 706
788.75 706
789.75 706
790.75 706
791.75 706
792.75 706
793.75 706
795.75 706
796.75 706
721.25 707
722.25 707
724.25 707
726.25 707
739.25 707
740.25 707
741.25 707
742.25 707
748.25 707
749.25 707
753.25 707
772.25 707
773.25 707
777.25 707
778.25 707
780.25 707
784.25 707
790.25 707
791.25 707
793.25 707
794.25 707
795.25 707
796.25 707
722.75 708
723.75 708
726.75 708
740.75 708
742.75 708
743.75 708
744.75 708
748.75 708
752.75 708
771.75 708
772.75 708
777.75 708
778.75 708
779.75 708
783.75 708
784.75 708
788.75 708
789.75 708
792.75 708
793.75 708
680.25 709
713.25 709
714.25 709
715.25 709
716.25 709
721.25 709
722.25 709
723.25 709
727.25 709
728.25 709
730.25 709
731.25 709
743.25 709
745.25 709
748.25 709
753.25 709
773.25 709
774.25 709
777.25 709
785.25 709
794.25 709
679.75 710
716.75 710
723.75 710
727.75 710
729.75 710
730.75 710
743.75 710
748.75 710
753.75 710
754.75 710
772.75 710
773.75 710
775.75 710
776.75 710
777.75 710
784.75 710
676.25 711
679.25 711
680.25 711
717.25 711
721.25 711
724.25 711
725.25 711
726.25 711
727.25 711
728.25 711
729.25 711
743.25 711
744.25 711
745.25 711
748.25 711
749.25 711
752.25 711
753.25 711
768.25 711
771.25 711
772.25 711
774.25 711
775.25 711
776.25 711
676.75 712
677.75 712
678.75 712
680.75 712
681.75 712
717.75 712
721.75 712
724.75 712
727.75 712
728.75 712
729.75 712
730.75 712
742.75 712
744.75 712
746.75 712
747.75 712
752.75 712
753.75 712
768.75 712
769.75 712
771.75 712
773.75 712
774.75 712
777.75 712
779.75 712
676.25 713
677.25 713
678.25 713
679.25 713
718.25 713
719.25 713
720.25 713
721.25 713
723.25 713
724.25 713
727.25 713
729.25 713
730.25 713
744.25 713
748.25 713
754.25 713
755.25 713
756.25 713
767.25 713
768.25 713
769.25 713
770.25 713
771.25 713
774.25 713
777.25 713
778.25 713
779.25 713
679.75 714
718.75 714
721.75 714
724.75 714
727.75 714
729.75 714
742.75 714
743.75 714
748.75 714
750.75 714
753.75 714
754.75 714
755.75 714
767.75 714
768.75 714
771.75 714
773.75 714
774.75 714
775.75 714
776.75 714
777.75 714
778.75 714
779.75 714
780.75 714
781.75 714
782.75 714
675.25 715
676.25 715
677.25 715
678.25 715
679.25 715
680.25 715
718.25 715
722.25 715
723.25 715
724.25 715
725.25 715
727.25 715
730.25 715
731.25 715
744.25 715
745.25 715
749.25 715
750.25 715
753.25 715
771.25 715
772.25 715
773.25 715
776.25 715
779.25 715
782.25 715
678.75 716
721.75 716
725.75 716
726.75 716
728.75 716
729.75 716
731.75 716
744.75 716
747.75 716
748.75 716
750.75 716
751.75 716
752.75 716
771.75 716
772.75 716
773.75 716
774.75 716
776.75 716
777.75 716
778.75 716
788.75 716
678.25 717
679.25 717
683.25 717
721.25 717
723.25 717
724.25 717
726.25 717
727.25 717
728.25 717
729.25 717
730.25 717
745.25 717
748.25 717
751.25 717
772.25 717
776.25 717
788.25 717
678.75 718
683.75 718
724.75 718
728.75 718
745.75 718
748.75 718
751.75 718
771.75 718
775.75 718
785.75 718
786.75 718
787.75 718
788.75 718
675.25 719
676.25 719
677.25 719
679.25 719
684.25 719
725.25 719
726.25 719
727.25 719
728.25 719
744.25 719
745.25 719
746.25 719
747.25 719
748.25 719
751.25 719
752.25 719
753.25 719
754.25 719
770.25 719
771.25 719
786.25 719
787.25 719
677.75 720
678.75 720
684.75 720
724.75 720
725.75 720
727.75 720
746.75 720
748.75 720
750.75 720
754.75 720
755.75 720
771.75 720
785.75 720
787.75 720
679.25 721
681.25 721
685.25 721
686.25 721
724.25 721
726.25 721
727.25 721
749.25 721
750.25 721
751.25 721
752.25 721
754.25 721
771.25 721
784.25 721
785.25 721
786.25 721
788.25 721
679.75 722
680.75 722
685.75 722
686.75 722
724.75 722
726.75 722
751.75 722
752.75 722
753.75 722
771.75 722
772.75 722
773.75 722
782.75 722
783.75 722
785.75 722
786.75 722
679.25 723
681.25 723
685.25 723
725.25 723
727.25 723
752.25 723
772.25 723
775.25 723
782.25 723
784.25 723
785.25 723
788.25 723
681.75 724
683.75 724
684.75 724
685.75 724
723.75 724
725.75 724
727.75 724
729.75 724
730.75 724
731.75 724
751.75 724
752.75 724
771.75 724
774.75 724
775.75 724
781.75 724
784.75 724
785.75 724
787.75 724
682.25 725
684.25 725
685.25 725
724.25 725
725.25 725
727.25 725
728.25 725
730.25 725
751.25 725
752.25 725
754.25 725
770.25 725
771.25 725
772.25 725
773.25 725
774.25 725
775.25 725
781.25 725
786.25 725
787.25 725
682.75 726
683.75 726
688.75 726
725.75 726
728.75 726
729.75 726
730.75 726
731.75 726
750.75 726
751.75 726
752.75 726
753.75 726
771.75 726
772.75 726
774.75 726
779.75 726
780.75 726
786.75 726
787.75 726
681.25 727
682.25 727
683.25 727
689.25 727
724.25 727
725.25 727
726.25 727
727.25 727
729.25 727
731.25 727
732.25 727
733.25 727
751.25 727
754.25 727
770.25 727
771.25 727
780.25 727
683.75 728
687.75 728
688.75 728
689.75 728
711.75 728
726.75 728
727.75 728
729.75 728
730.75 728
733.75 728
751.75 728
752.75 728
771.75 728
773.75 728
774.75 728
780.75 728
781.75 728
782.75 728
788.75 728
789.75 728
790.75 728
671.25 729
672.25 729
673.25 729
675.25 729
676.25 729
681.25 729
682.25 729
683.25 729
688.25 729
689.25 729
712.25 729
716.25 729
728.25 729
731.25 729
732.25 729
733.25 729
741.25 729
742.25 729
743.25 729
751.25 729
772.25 729
773.25 729
774.25 729
776.25 729
779.25 729
780.25 729
782.25 729
789.25 729
668.75 730
671.75 730
675.75 730
676.75 730
680.75 730
683.75 730
684.75 730
688.75 730
689.75 730
711.75 730
712.75 730
715.75 730
728.75 730
729.75 730
730.75 730
731.75 730
742.75 730
748.75 730
749.75 730
750.75 730
771.75 730
772.75 730
774.75 730
775.75 730
779.75 730
781.75 730
786.75 730
787.75 730
788.75 730
669.25 731
670.25 731
671.25 731
672.25 731
673.25 731
674.25 731
675.25 731
676.25 731
680.25 731
681.25 731
682.25 731
683.25 731
684.25 731
688.25 731
712.25 731
713.25 731
714.25 731
716.25 731
725.25 731
726.25 731
727.25 731
728.25 731
731.25 731
736.25 731
737.25 731
743.25 731
749.25 731
750.25 731
760.25 731
770.25 731
771.25 731
775.25 731
776.25 731
779.25 731
780.25 731
788.25 731
669.75 732
671.75 732
672.75 732
676.75 732
677.75 732
682.75 732
684.75 732
687.75 732
714.75 732
716.75 732
717.75 732
718.75 732
724.75 732
727.75 732
731.75 732
734.75 732
735.75 732
736.75 732
742.75 732
748.75 732
750.75 732
751.75 732
760.75 732
770.75 732
778.75 732
785.75 732
786.75 732
787.75 732
788.75 732
667.25 733
668.25 733
669.25 733
672.25 733
673.25 733
675.25 733
676.25 733
678.25 733
679.25 733
680.25 733
681.25 733
682.25 733
685.25 733
686.25 733
687.25 733
689.25 733
690.25 733
715.25 733
716.25 733
718.25 733
731.25 733
732.25 733
733.25 733
736.25 733
742.25 733
748.25 733
749.25 733
750.25 733
759.25 733
760.25 733
771.25 733
777.25 733
778.25 733
783.25 733
784.25 733
786.25 733
790.25 733
792.25 733
666.75 734
669.75 734
674.75 734
675.75 734
677.75 734
679.75 734
685.75 734
686.75 734
687.75 734
688.75 734
695.75 734
696.75 734
704.75 734
705.75 734
712.75 734
716.75 734
717.75 734
730.75 734
733.75 734
734.75 734
735.75 734
741.75 734
749.75 734
754.75 734
757.75 734
759.75 734
760.75 734
770.75 734
771.75 734
772.75 734
773.75 734
774.75 734
775.75 734
776.75 734
779.75 734
782.75 734
784.75 734
785.75 734
786.75 734
790.75 734
791.75 734
666.25 735
667.25 735
669.25 735
680.25 735
685.25 735
688.25 735
696.25 735
705.25 735
713.25 735
714.25 735
716.25 735
718.25 735
727.25 735
728.25 735
731.25 735
733.25 735
734.25 735
735.25 735
740.25 735
741.25 735
742.25 735
750.25 735
751.25 735
752.25 735
754.25 735
757.25 735
758.25 735
760.25 735
767.25 735
769.25 735
772.25 735
774.25 735
777.25 735
778.25 735
779.25 735
783.25 735
784.25 735
790.25 735
666.75 736
684.75 736
687.75 736
688.75 736
695.75 736
696.75 736
700.75 736
704.75 736
713.75 736
714.75 736
715.75 736
716.75 736
717.75 736
728.75 736
729.75 736
730.75 736
733.75 736
734.75 736
741.75 736
747.75 736
749.75 736
752.75 736
753.75 736
757.75 736
759.75 736
760.75 736
761.75 736
766.75 736
767.75 736
768.75 736
772.75 736
778.75 736
779.75 736
780.75 736
781.75 736
782.75 736
784.75 736
789.75 736
790.75 736
683.25 737
684.25 737
687.25 737
689.25 737
690.25 737
695.25 737
696.25 737
697.25 737
701.25 737
702.25 737
704.25 737
709.25 737
710.25 737
711.25 737
712.25 737
713.25 737
715.25 737
716.25 737
717.25 737
728.25 737
729.25 737
731.25 737
732.25 737
734.25 737
740.25 737
741.25 737
742.25 737
743.25 737
748.25 737
750.25 737
751.25 737
752.25 737
754.25 737
758.25 737
759.25 737
766.25 737
768.25 737
770.25 737
771.25 737
772.25 737
779.25 737
782.25 737
789.25 737
795.25 737
686.75 738
689.75 738
690.75 738
693.75 738
696.75 738
699.75 738
701.75 738
702.75 738
703.75 738
710.75 738
713.75 738
717.75 738
732.75 738
733.75 738
734.75 738
741.75 738
742.75 738
745.75 738
746.75 738
747.75 738
750.75 738
751.75 738
757.75 738
758.75 738
759.75 738
760.75 738
764.75 738
768.75 738
770.75 738
771.75 738
772.75 738
779.75 738
789.75 738
791.75 738
792.75 738
793.75 738
794.75 738
798.75 738
684.25 739
685.25 739
686.25 739
687.25 739
688.25 739
689.25 739
690.25 739
691.25 739
693.25 739
695.25 739
696.25 739
697.25 739
698.25 739
699.25 739
700.25 739
701.25 739
702.25 739
703.25 739
710.25 739
713.25 739
717.25 739
718.25 739
731.25 739
732.25 739
733.25 739
734.25 739
736.25 739
738.25 739
739.25 739
742.25 739
746.25 739
749.25 739
750.25 739
757.25 739
758.25 739
765.25 739
766.25 739
768.25 739
769.25 739
770.25 739
779.25 739
789.25 739
790.25 739
791.25 739
799.25 739
685.75 740
687.75 740
688.75 740
691.75 740
692.75 740
693.75 740
694.75 740
700.75 740
701.75 740
711.75 740
713.75 740
717.75 740
721.75 740
729.75 740
732.75 740
734.75 740
735.75 740
736.75 740
737.75 740
741.75 740
746.75 740
748.75 740
754.75 740
755.75 740
756.75 740
758.75 740
765.75 740
766.75 740
767.75 740
770.75 740
771.75 740
772.75 740
774.75 740
776.75 740
778.75 740
779.75 740
787.75 740
788.75 740
791.75 740
792.75 740
793.75 740
794.75 740
798.75 740
683.25 741
684.25 741
685.25 741
686.25 741
689.25 741
690.25 741
700.25 741
701.25 741
707.25 741
710.25 741
711.25 741
712.25 741
713.25 741
714.25 741
715.25 741
716.25 741
717.25 741
718.25 741
719.25 741
720.25 741
721.25 741
730.25 741
738.25 741
741.25 741
742.25 741
743.25 741
747.25 741
748.25 741
754.25 741
759.25 741
766.25 741
772.25 741
773.25 741
775.25 741
776.25 741
778.25 741
787.25 741
788.25 741
791.25 741
792.25 741
793.25 741
795.25 741
796.25 741
797.25 741
798.25 741
683.75 742
685.75 742
701.75 742
702.75 742
706.75 742
711.75 742
715.75 742
716.75 742
717.75 742
718.75 742
719.75 742
729.75 742
732.75 742
733.75 742
735.75 742
738.75 742
742.75 742
743.75 742
748.75 742
752.75 742
753.75 742
765.75 742
766.75 742
772.75 742
774.75 742
775.75 742
776.75 742
777.75 742
784.75 742
785.75 742
787.75 742
788.75 742
789.75 742
790.75 742
794.75 742
795.75 742
796.75 742
798.75 742
800.75 742
683.25 743
698.25 743
699.25 743
700.25 743
701.25 743
702.25 743
703.25 743
707.25 743
714.25 743
715.25 743
716.25 743
718.25 743
719.25 743
720.25 743
721.25 743
722.25 743
723.25 743
729.25 743
732.25 743
733.25 743
734.25 743
735.25 743
736.25 743
737.25 743
738.25 743
742.25 743
743.25 743
748.25 743
753.25 743
755.25 743
758.25 743
764.25 743
765.25 743
773.25 743
774.25 743
775.25 743
777.25 743
784.25 743
785.25 743
787.25 743
791.25 743
795.25 743
796.25 743
799.25 743
800.25 743
683.75 744
701.75 744
702.75 744
706.75 744
707.75 744
717.75 744
718.75 744
720.75 744
723.75 744
724.75 744
729.75 744
732.75 744
733.75 744
735.75 744
736.75 744
737.75 744
742.75 744
743.75 744
747.75 744
748.75 744
749.75 744
752.75 744
753.75 744
755.75 744
756.75 744
757.75 744
763.75 744
765.75 744
775.75 744
776.75 744
777.75 744
778.75 744
779.75 744
782.75 744
783.75 744
785.75 744
786.75 744
787.75 744
791.75 744
792.75 744
684.25 745
692.25 745
701.25 745
702.25 745
703.25 745
704.25 745
707.25 745
710.25 745
711.25 745
719.25 745
720.25 745
724.25 745
725.25 745
729.25 745
730.25 745
732.25 745
738.25 745
743.25 745
747.25 745
748.25 745
749.25 745
752.25 745
755.25 745
756.25 745
761.25 745
762.25 745
763.25 745
764.25 745
765.25 745
768.25 745
769.25 745
770.25 745
775.25 745
776.25 745
777.25 745
782.25 745
783.25 745
793.25 745
692.75 746
694.75 746
702.75 746
704.75 746
705.75 746
706.75 746
711.75 746
712.75 746
718.75 746
720.75 746
724.75 746
725.75 746
726.75 746
729.75 746
730.75 746
731.75 746
735.75 746
737.75 746
738.75 746
743.75 746
744.75 746
746.75 746
747.75 746
748.75 746
750.75 746
751.75 746
755.75 746
759.75 746
760.75 746
762.75 746
764.75 746
765.75 746
766.75 746
767.75 746
770.75 746
775.75 746
777.75 746
779.75 746
780.75 746
781.75 746
693.25 747
694.25 747
696.25 747
703.25 747
705.25 747
706.25 747
707.25 747
708.25 747
709.25 747
710.25 747
711.25 747
712.25 747
713.25 747
714.25 747
718.25 747
723.25 747
725.25 747
726.25 747
727.25 747
728.25 747
729.25 747
733.25 747
736.25 747
737.25 747
739.25 747
740.25 747
741.25 747
742.25 747
743.25 747
745.25 747
747.25 747
749.25 747
750.25 747
751.25 747
752.25 747
756.25 747
757.25 747
759.25 747
763.25 747
765.25 747
766.25 747
767.25 747
777.25 747
779.25 747
783.25 747
692.75 748
694.75 748
695.75 748
696.75 748
697.75 748
703.75 748
707.75 748
711.75 748
714.75 748
715.75 748
716.75 748
717.75 748
721.75 748
722.75 748
723.75 748
724.75 748
725.75 748
732.75 748
734.75 748
735.75 748
738.75 748
741.75 748
745.75 748
746.75 748
748.75 748
750.75 748
751.75 748
755.75 748
756.75 748
757.75 748
758.75 748
759.75 748
762.75 748
768.75 748
777.75 748
778.75 748
779.75 748
780.75 748
782.75 748
783.75 748
785.75 748
789.75 748
691.25 749
692.25 749
694.25 749
698.25 749
699.25 749
700.25 749
701.25 749
702.25 749
703.25 749
708.25 749
709.25 749
710.25 749
711.25 749
713.25 749
714.25 749
716.25 749
720.25 749
721.25 749
722.25 749
725.25 749
728.25 749
731.25 749
732.25 749
733.25 749
734.25 749
735.25 749
738.25 749
739.25 749
742.25 749
746.25 749
747.25 749
748.25 749
750.25 749
751.25 749
754.25 749
755.25 749
756.25 749
758.25 749
769.25 749
778.25 749
780.25 749
782.25 749
785.25 749
787.25 749
788.25 749
789.25 749
690.75 750
691.75 750
699.75 750
707.75 750
708.75 750
714.75 750
717.75 750
722.75 750
724.75 750
725.75 750
728.75 750
731.75 750
734.75 750
736.75 750
737.75 750
745.75 750
746.75 750
748.75 750
749.75 750
751.75 750
752.75 750
753.75 750
754.75 750
768.75 750
777.75 750
778.75 750
780.75 750
781.75 750
782.75 750
783.75 750
784.75 750
785.75 750
786.75 750
789.75 750
790.75 750
791.75 750
792.75 750
692.25 751
702.25 751
706.25 751
707.25 751
709.25 751
715.25 751
718.25 751
719.25 751
721.25 751
722.25 751
729.25 751
730.25 751
731.25 751
732.25 751
734.25 751
736.25 751
737.25 751
738.25 751
739.25 751
743.25 751
744.25 751
745.25 751
749.25 751
750.25 751
753.25 751
755.25 751
767.25 751
768.25 751
777.25 751
779.25 751
781.25 751
782.25 751
784.25 751
786.25 751
789.25 751
791.25 751
686.75 752
692.75 752
702.75 752
707.75 752
708.75 752
714.75 752
719.75 752
720.75 752
727.75 752
730.75 752
732.75 752
734.75 752
739.75 752
744.75 752
749.75 752
750.75 752
752.75 752
755.75 752
756.75 752
757.75 752
765.75 752
766.75 752
776.75 752
778.75 752
781.75 752
782.75 752
784.75 752
786.75 752
788.75 752
791.75 752
683.25 753
687.25 753
703.25 753
705.25 753
706.25 753
707.25 753
708.25 753
709.25 753
710.25 753
715.25 753
716.25 753
719.25 753
721.25 753
726.25 753
727.25 753
728.25 753
729.25 753
730.25 753
734.25 753
740.25 753
744.25 753
745.25 753
748.25 753
749.25 753
750.25 753
753.25 753
754.25 753
757.25 753
760.25 753
765.25 753
771.25 753
777.25 753
783.25 753
787.25 753
788.25 753
682.75 754
683.75 754
687.75 754
700.75 754
701.75 754
703.75 754
704.75 754
706.75 754
709.75 754
710.75 754
719.75 754
721.75 754
729.75 754
733.75 754
738.75 754
739.75 754
740.75 754
743.75 754
744.75 754
745.75 754
749.75 754
752.75 754
754.75 754
757.75 754
760.75 754
761.75 754
764.75 754
765.75 754
767.75 754
769.75 754
770.75 754
771.75 754
776.75 754
783.75 754
784.75 754
786.75 754
787.75 754
683.25 755
684.25 755
685.25 755
686.25 755
688.25 755
692.25 755
701.25 755
702.25 755
703.25 755
706.25 755
707.25 755
709.25 755
729.25 755
730.25 755
737.25 755
738.25 755
740.25 755
741.25 755
743.25 755
746.25 755
749.25 755
752.25 755
753.25 755
758.25 755
759.25 755
760.25 755
763.25 755
764.25 755
766.25 755
768.25 755
769.25 755
783.25 755
785.25 755
786.25 755
788.25 755
790.25 755
680.75 756
681.75 756
682.75 756
683.75 756
684.75 756
686.75 756
687.75 756
691.75 756
701.75 756
702.75 756
706.75 756
729.75 756
730.75 756
736.75 756
743.75 756
749.75 756
750.75 756
758.75 756
759.75 756
760.75 756
761.75 756
762.75 756
766.75 756
768.75 756
769.75 756
770.75 756
771.75 756
782.75 756
784.75 756
786.75 756
787.75 756
788.75 756
790.75 756
791.75 756
792.75 756
681.25 757
682.25 757
683.25 757
684.25 757
686.25 757
688.25 757
689.25 757
690.25 757
691.25 757
692.25 757
693.25 757
699.25 757
700.25 757
701.25 757
702.25 757
703.25 757
706.25 757
707.25 757
730.25 757
731.25 757
736.25 757
743.25 757
744.25 757
751.25 757
752.25 757
759.25 757
760.25 757
761.25 757
767.25 757
768.25 757
772.25 757
783.25 757
785.25 757
786.25 757
789.25 757
790.25 757
677.75 758
683.75 758
684.75 758
685.75 758
692.75 758
693.75 758
695.75 758
697.75 758
698.75 758
699.75 758
701.75 758
702.75 758
705.75 758
728.75 758
729.75 758
731.75 758
732.75 758
736.75 758
738.75 758
751.75 758
759.75 758
768.75 758
771.75 758
786.75 758
788.75 758
790.75 758
677.25 759
678.25 759
681.25 759
683.25 759
684.25 759
686.25 759
691.25 759
694.25 759
695.25 759
696.25 759
697.25 759
698.25 759
701.25 759
702.25 759
722.25 759
726.25 759
727.25 759
729.25 759
731.25 759
736.25 759
737.25 759
738.25 759
752.25 759
759.25 759
760.25 759
761.25 759
768.25 759
789.25 759
678.75 760
680.75 760
684.75 760
685.75 760
691.75 760
692.75 760
693.75 760
697.75 760
699.75 760
700.75 760
701.75 760
722.75 760
727.75 760
728.75 760
729.75 760
730.75 760
731.75 760
736.75 760
752.75 760
753.75 760
758.75 760
760.75 760
761.75 760
766.75 760
774.75 760
779.75 760
789.75 760
790.75 760
676.25 761
678.25 761
679.25 761
680.25 761
681.25 761
683.25 761
684.25 761
688.25 761
689.25 761
690.25 761
691.25 761
693.25 761
694.25 761
697.25 761
699.25 761
701.25 761
702.25 761
723.25 761
724.25 761
726.25 761
727.25 761
728.25 761
729.25 761
730.25 761
736.25 761
737.25 761
738.25 761
752.25 761
753.25 761
760.25 761
761.25 761
763.25 761
766.25 761
775.25 761
779.25 761
789.25 761
791.25 761
676.75 762
677.75 762
679.75 762
680.75 762
681.75 762
683.75 762
684.75 762
689.75 762
690.75 762
691.75 762
695.75 762
696.75 762
697.75 762
700.75 762
701.75 762
702.75 762
723.75 762
724.75 762
725.75 762
727.75 762
730.75 762
731.75 762
733.75 762
734.75 762
736.75 762
737.75 762
738.75 762
751.75 762
753.75 762
759.75 762
761.75 762
762.75 762
765.75 762
766.75 762
775.75 762
778.75 762
779.75 762
785.75 762
789.75 762
791.75 762
672.25 763
676.25 763
678.25 763
681.25 763
683.25 763
691.25 763
694.25 763
695.25 763
700.25 763
719.25 763
723.25 763
725.25 763
726.25 763
728.25 763
729.25 763
730.25 763
731.25 763
732.25 763
733.25 763
749.25 763
750.25 763
751.25 763
754.25 763
763.25 763
765.25 763
767.25 763
775.25 763
778.25 763
785.25 763
789.25 763
672.75 764
675.75 764
678.75 764
679.75 764
680.75 764
681.75 764
682.75 764
694.75 764
695.75 764
696.75 764
700.75 764
701.75 764
719.75 764
720.75 764
721.75 764
722.75 764
723.75 764
728.75 764
730.75 764
732.75 764
748.75 764
749.75 764
750.75 764
751.75 764
763.75 764
764.75 764
766.75 764
775.75 764
776.75 764
777.75 764
778.75 764
781.75 764
782.75 764
783.75 764
784.75 764
785.75 764
786.75 764
789.75 764
672.25 765
673.25 765
680.25 765
682.25 765
692.25 765
693.25 765
694.25 765
717.25 765
718.25 765
719.25 765
720.25 765
724.25 765
729.25 765
731.25 765
733.25 765
748.25 765
749.25 765
750.25 765
752.25 765
764.25 765
765.25 765
766.25 765
767.25 765
776.25 765
779.25 765
781.25 765
785.25 765
790.25 765
672.75 766
673.75 766
679.75 766
680.75 766
682.75 766
692.75 766
693.75 766
694.75 766
714.75 766
717.75 766
724.75 766
749.75 766
750.75 766
760.75 766
763.75 766
766.75 766
772.75 766
773.75 766
774.75 766
775.75 766
776.75 766
777.75 766
778.75 766
779.75 766
780.75 766
781.75 766
671.25 767
673.25 767
680.25 767
691.25 767
692.25 767
693.25 767
694.25 767
711.25 767
712.25 767
714.25 767
717.25 767
724.25 767
748.25 767
749.25 767
761.25 767
762.25 767
763.25 767
764.25 767
765.25 767
767.25 767
772.25 767
774.25 767
776.25 767
777.25 767
781.25 767
782.25 767
783.25 767
671.75 768
672.75 768
674.75 768
679.75 768
688.75 768
690.75 768
691.75 768
693.75 768
694.75 768
712.75 768
714.75 768
715.75 768
716.75 768
717.75 768
724.75 768
743.75 768
746.75 768
747.75 768
761.75 768
762.75 768
764.75 768
767.75 768
768.75 768
769.75 768
770.75 768
771.75 768
777.75 768
778.75 768
780.75 768
782.75 768
670.25 769
671.25 769
673.25 769
674.25 769
675.25 769
679.25 769
688.25 769
689.25 769
690.25 769
692.25 769
694.25 769
695.25 769
711.25 769
712.25 769
713.25 769
714.25 769
716.25 769
717.25 769
718.25 769
724.25 769
725.25 769
726.25 769
744.25 769
745.25 769
746.25 769
748.25 769
759.25 769
760.25 769
761.25 769
762.25 769
763.25 769
765.25 769
766.25 769
770.25 769
771.25 769
772.25 769
773.25 769
778.25 769
781.25 769
783.25 769
671.75 770
675.75 770
676.75 770
677.75 770
678.75 770
688.75 770
690.75 770
693.75 770
712.75 770
715.75 770
718.75 770
723.75 770
725.75 770
726.75 770
744.75 770
748.75 770
749.75 770
764.75 770
771.75 770
772.75 770
782.75 770
783.75 770
784.75 770
673.25 771
675.25 771
678.25 771
679.25 771
688.25 771
694.25 771
695.25 771
711.25 771
712.25 771
713.25 771
715.25 771
718.25 771
719.25 771
724.25 771
727.25 771
749.25 771
764.25 771
769.25 771
781.25 771
782.25 771
783.25 771
784.25 771
662.75 772
667.75 772
668.75 772
672.75 772
673.75 772
674.75 772
675.75 772
678.75 772
685.75 772
688.75 772
694.75 772
712.75 772
714.75 772
715.75 772
719.75 772
727.75 772
746.75 772
748.75 772
763.75 772
764.75 772
765.75 772
768.75 772
782.75 772
783.75 772
784.75 772
662.25 773
663.25 773
667.25 773
668.25 773
669.25 773
671.25 773
672.25 773
675.25 773
678.25 773
684.25 773
685.25 773
686.25 773
687.25 773
688.25 773
689.25 773
690.25 773
712.25 773
714.25 773
720.25 773
728.25 773
746.25 773
747.25 773
748.25 773
749.25 773
750.25 773
763.25 773
766.25 773
767.25 773
768.25 773
784.25 773
663.75 774
669.75 774
670.75 774
671.75 774
674.75 774
677.75 774
678.75 774
685.75 774
687.75 774
712.75 774
718.75 774
719.75 774
727.75 774
746.75 774
747.75 774
750.75 774
760.75 774
762.75 774
763.75 774
764.75 774
768.75 774
663.25 775
664.25 775
667.25 775
670.25 775
672.25 775
674.25 775
685.25 775
687.25 775
688.25 775
689.25 775
713.25 775
714.25 775
719.25 775
728.25 775
745.25 775
746.25 775
761.25 775
762.25 775
763.25 775
764.25 775
769.25 775
778.25 775
662.75 776
663.75 776
664.75 776
665.75 776
666.75 776
667.75 776
668.75 776
669.75 776
670.75 776
671.75 776
674.75 776
682.75 776
684.75 776
689.75 776
690.75 776
712.75 776
719.75 776
725.75 776
726.75 776
727.75 776
728.75 776
744.75 776
745.75 776
746.75 776
747.75 776
764.75 776
765.75 776
769.75 776
774.75 776
775.75 776
776.75 776
777.75 776
778.75 776
660.25 777
661.25 777
662.25 777
663.25 777
664.25 777
665.25 777
669.25 777
672.25 777
675.25 777
683.25 777
684.25 777
689.25 777
712.25 777
718.25 777
719.25 777
727.25 777
742.25 777
744.25 777
763.25 777
764.25 777
765.25 777
769.25 777
774.25 777
659.75 778
662.75 778
663.75 778
669.75 778
672.75 778
675.75 778
682.75 778
683.75 778
684.75 778
687.75 778
688.75 778
689.75 778
690.75 778
718.75 778
719.75 778
720.75 778
721.75 778
726.75 778
727.75 778
742.75 778
743.75 778
744.75 778
745.75 778
764.75 778
769.75 778
774.75 778
775.75 778
776.75 778
662.25 779
668.25 779
669.25 779
670.25 779
682.25 779
720.25 779
722.25 779
726.25 779
728.25 779
746.25 779
761.25 779
762.25 779
763.25 779
764.25 779
769.25 779
772.25 779
773.25 779
774.25 779
660.75 780
661.75 780
668.75 780
679.75 780
681.75 780
682.75 780
718.75 780
719.75 780
720.75 780
726.75 780
727.75 780
728.75 780
730.75 780
731.75 780
735.75 780
746.75 780
747.75 780
760.75 780
762.75 780
763.75 780
769.75 780
770.75 780
771.75 780
773.75 780
665.25 781
666.25 781
667.25 781
668.25 781
680.25 781
681.25 781
683.25 781
721.25 781
728.25 781
729.25 781
730.25 781
731.25 781
732.25 781
733.25 781
734.25 781
735.25 781
736.25 781
737.25 781
738.25 781
745.25 781
746.25 781
761.25 781
762.25 781
764.25 781
770.25 781
771.25 781
772.25 781
773.25 781
774.25 781
775.25 781
778.25 781
781.25 781
784.25 781
785.25 781
664.75 782
665.75 782
667.75 782
681.75 782
720.75 782
721.75 782
728.75 782
729.75 782
730.75 782
743.75 782
744.75 782
761.75 782
762.75 782
770.75 782
772.75 782
773.75 782
775.75 782
776.75 782
777.75 782
778.75 782
779.75 782
780.75 782
781.75 782
782.75 782
783.75 782
664.25 783
665.25 783
667.25 783
668.25 783
681.25 783
719.25 783
720.25 783
726.25 783
727.25 783
728.25 783
731.25 783
744.25 783
770.25 783
771.25 783
775.25 783
779.25 783
780.25 783
782.25 783
663.75 784
666.75 784
668.75 784
680.75 784
681.75 784
718.75 784
725.75 784
727.75 784
731.75 784
732.75 784
770.75 784
771.75 784
780.75 784
782.75 784
667.25 785
669.25 785
680.25 785
717.25 785
718.25 785
719.25 785
725.25 785
730.25 785
731.25 785
769.25 785
770.25 785
771.25 785
781.25 785
782.25 785
668.75 786
680.75 786
681.75 786
719.75 786
725.75 786
726.75 786
730.75 786
731.75 786
732.75 786
770.75 786
771.75 786
772.75 786
782.75 786
789.75 786
798.75 786
668.25 787
677.25 787
678.25 787
680.25 787
719.25 787
725.25 787
727.25 787
728.25 787
731.25 787
732.25 787
768.25 787
770.25 787
771.25 787
772.25 787
782.25 787
789.25 787
790.25 787
799.25 787
678.75 788
679.75 788
684.75 788
685.75 788
719.75 788
725.75 788
728.75 788
730.75 788
768.75 788
769.75 788
771.75 788
789.75 788
790.75 788
791.75 788
797.75 788
798.75 788
801.75 788
678.25 789
680.25 789
684.25 789
718.25 789
719.25 789
729.25 789
731.25 789
770.25 789
772.25 789
776.25 789
788.25 789
790.25 789
797.25 789
801.25 789
802.25 789
676.75 790
677.75 790
680.75 790
683.75 790
716.75 790
717.75 790
718.75 790
729.75 790
769.75 790
772.75 790
773.75 790
775.75 790
776.75 790
787.75 790
790.75 790
791.75 790
792.75 790
795.75 790
797.75 790
798.75 790
799.75 790
800.75 790
803.75 790
677.25 791
681.25 791
682.25 791
683.25 791
684.25 791
716.25 791
729.25 791
730.25 791
764.25 791
767.25 791
769.25 791
770.25 791
774.25 791
775.25 791
778.25 791
779.25 791
780.25 791
787.25 791
788.25 791
790.25 791
794.25 791
795.25 791
796.25 791
797.25 791
800.25 791
803.25 791
675.75 792
676.75 792
677.75 792
678.75 792
682.75 792
684.75 792
716.75 792
729.75 792
730.75 792
731.75 792
763.75 792
764.75 792
766.75 792
768.75 792
769.75 792
770.75 792
771.75 792
774.75 792
775.75 792
777.75 792
778.75 792
779.75 792
786.75 792
788.75 792
789.75 792
792.75 792
793.75 792
794.75 792
796.75 792
800.75 792
801.75 792
802.75 792
677.25 793
682.25 793
717.25 793
730.25 793
760.25 793
761.25 793
762.25 793
765.25 793
766.25 793
769.25 793
776.25 793
777.25 793
780.25 793
786.25 793
787.25 793
790.25 793
791.25 793
792.25 793
794.25 793
801.25 793
676.75 794
681.75 794
761.75 794
762.75 794
764.75 794
766.75 794
767.75 794
768.75 794
769.75 794
775.75 794
776.75 794
777.75 794
778.75 794
779.75 794
785.75 794
786.75 794
787.75 794
791.75 794
792.75 794
793.75 794
676.25 795
681.25 795
760.25 795
761.25 795
763.25 795
764.25 795
767.25 795
769.25 795
777.25 795
780.25 795
784.25 795
785.25 795
787.25 795
793.25 795
795.25 795
797.25 795
675.75 796
680.75 796
759.75 796
761.75 796
762.75 796
763.75 796
766.75 796
768.75 796
769.75 796
776.75 796
780.75 796
781.75 796
782.75 796
783.75 796
785.75 796
786.75 796
792.75 796
793.75 796
794.75 796
795.75 796
796.75 796
679.25 797
680.25 797
681.25 797
682.25 797
761.25 797
762.25 797
764.25 797
766.25 797
768.25 797
780.25 797
781.25 797
783.25 797
784.25 797
785.25 797
787.25 797
792.25 797
794.25 797
796.25 797
798.25 797
802.25 797
678.75 798
679.75 798
757.75 798
758.75 798
760.75 798
762.75 798
764.75 798
766.75 798
768.75 798
780.75 798
785.75 798
792.75 798
793.75 798
794.75 798
795.75 798
796.75 798
797.75 798
798.75 798
802.75 798
679.25 799
756.25 799
758.25 799
759.25 799
760.25 799
761.25 799
766.25 799
768.25 799
769.25 799
780.25 799
781.25 799
792.25 799
794.25 799
795.25 799
796.25 799
798.25 799
801.25 799
802.25 799
803.25 799
678.75 800
756.75 800
757.75 800
760.75 800
761.75 800
767.75 800
769.75 800
770.75 800
780.75 800
781.75 800
782.75 800
783.75 800
787.75 800
791.75 800
798.75 800
799.75 800
800.75 800
801.75 800
803.75 800
678.25 801
756.25 801
757.25 801
758.25 801
759.25 801
760.25 801
761.25 801
767.25 801
770.25 801
780.25 801
781.25 801
782.25 801
784.25 801
785.25 801
786.25 801
787.25 801
800.25 801
756.75 802
758.75 802
760.75 802
761.75 802
770.75 802
771.75 802
781.75 802
782.75 802
785.75 802
800.75 802
801.75 802
802.75 802
754.25 803
755.25 803
756.25 803
757.25 803
769.25 803
770.25 803
772.25 803
782.25 803
800.25 803
802.25 803
803.25 803
756.75 804
757.75 804
769.75 804
770.75 804
771.75 804
772.75 804
781.75 804
782.75 804
801.75 804
802.75 804
804.75 804
756.25 805
757.25 805
758.25 805
769.25 805
772.25 805
782.25 805
783.25 805
803.25 805
804.25 805
766.75 806
768.75 806
769.75 806
770.75 806
771.75 806
772.75 806
773.75 806
779.75 806
780.75 806
781.75 806
802.75 806
804.75 806
763.25 807
767.25 807
768.25 807
770.25 807
771.25 807
779.25 807
782.25 807
802.25 807
805.25 807
807.25 807
763.75 808
766.75 808
767.75 808
769.75 808
771.75 808
778.75 808
782.75 808
800.75 808
801.75 808
805.75 808
806.75 808
807.75 808
763.25 809
764.25 809
765.25 809
766.25 809
769.25 809
782.25 809
783.25 809
784.25 809
785.25 809
801.25 809
802.25 809
805.25 809
806.25 809
808.25 809
762.75 810
764.75 810
768.75 810
769.75 810
801.75 810
803.75 810
762.25 811
763.25 811
765.25 811
769.25 811
772.25 811
802.25 811
803.25 811
804.25 811
762.75 812
769.75 812
770.75 812
771.75 812
802.75 812
803.75 812
763.25 813
764.25 813
769.25 813
770.25 813
772.25 813
804.25 813
764.75 814
769.75 814
770.75 814
769.25 815
768.75 816
769.75 816
770.75 816
767.25 817
768.25 817
769.25 817
771.25 817
772.25 817
769.75 818
774.75 818
775.75 818
769.25 819
774.25 819
768.75 820
769.75 820
770.75 820
771.75 820
772.75 820
773.75 820
774.75 820
776.75 820
778.75 820
762.25 821
768.25 821
771.25 821
772.25 821
774.25 821
775.25 821
776.25 821
777.25 821
778.25 821
761.75 822
762.75 822
766.75 822
768.75 822
770.75 822
775.75 822
777.75 822
758.25 823
760.25 823
761.25 823
763.25 823
765.25 823
766.25 823
767.25 823
768.25 823
758.75 824
761.75 824
763.75 824
764.75 824
766.75 824
768.75 824
769.75 824
771.75 824
775.75 824
759.25 825
760.25 825
761.25 825
763.25 825
768.25 825
769.25 825
770.25 825
771.25 825
775.25 825
778.25 825
759.75 826
761.75 826
767.75 826
768.75 826
769.75 826
771.75 826
772.75 826
773.75 826
774.75 826
775.75 826
778.75 826
758.25 827
759.25 827
766.25 827
767.25 827
769.25 827
772.25 827
774.25 827
776.25 827
777.25 827
778.25 827
779.25 827
766.75 828
768.75 828
769.75 828
771.75 828
774.75 828
766.25 829
769.25 829
772.25 829
775.25 829
776.25 829
778.25 829
759.75 830
760.75 830
765.75 830
766.75 830
768.75 830
772.75 830
776.75 830
777.75 830
778.75 830
757.25 831
758.25 831
761.25 831
762.25 831
763.25 831
764.25 831
765.25 831
766.25 831
769.25 831
776.25 831
758.75 832
759.75 832
760.75 832
762.75 832
764.75 832
765.75 832
776.75 832
763.25 833
766.25 833
776.25 833
760.75 834
761.75 834
762.75 834
763.75 834
765.75 834
766.75 834
767.75 834
775.75 834
762.25 835
764.25 835
766.25 835
768.25 835
769.25 835
770.25 835
771.25 835
772.25 835
762.75 836
766.75 836
768.75 836
769.75 836
771.75 836
763.25 837
766.25 837
771.25 837
766.75 838
771.75 838
764.25 839
766.25 839
767.25 839
772.25 839
764.75 840
765.75 840
767.75 840
772.75 840
773.75 840
774.75 840
775.75 840
776.75 840
764.25 841
765.25 841
767.25 841
768.25 841
769.25 841
770.25 841
773.25 841
761.75 842
763.75 842
767.75 842
762.25 843
763.25 843
764.25 843
765.25 843
762.75 844
763.75 844
760.25 845
762.25 845
760.75 846
761.75 846
762.75 846
763.75 846
763.25 847
764.25 847
762.75 848
764.75 848
