# size:800 N:3500 eta:1
 372.25 3
373.25 3
374.25 3
375.25 3
376.25 3
377.25 3
378.25 3
379.25 3
380.25 3
381.25 3
382.25 3
383.25 3
384.25 3
385.25 3
386.25 3
387.25 3
388.25 3
389.25 3
390.25 3
391.25 3
392.25 3
393.25 3
394.25 3
395.25 3
396.25 3
397.25 3
398.25 3
399.25 3
400.25 3
401.25 3
402.25 3
403.25 3
404.25 3
405.25 3
406.25 3
407.25 3
408.25 3
409.25 3
410.25 3
411.25 3
412.25 3
413.25 3
414.25 3
415.25 3
416.25 3
417.25 3
418.25 3
419.25 3
420.25 3
421.25 3
422.25 3
423.25 3
424.25 3
425.25 3
426.25 3
427.25 3
428.25 3
360.75 4
361.75 4
362.75 4
363.75 4
364.75 4
365.75 4
366.75 4
367.75 4
368.75 4
369.75 4
370.75 4
371.75 4
405.75 4
412.75 4
413.75 4
417.75 4
418.75 4
422.75 4
423.75 4
424.75 4
425.75 4
428.75 4
429.75 4
430.75 4
431.75 4
432.75 4
433.75 4
434.75 4
435.75 4
436.75 4
437.75 4
438.75 4
352.25 5
353.25 5
354.25 5
355.25 5
356.25 5
357.25 5
358.25 5
359.25 5
360.25 5
361.25 5
364.25 5
365.25 5
366.25 5
367.25 5
369.25 5
370.25 5
371.25 5
406.25 5
439.25 5
440.25 5
441.25 5
442.25 5
443.25 5
444.25 5
445.25 5
446.25 5
447.25 5
448.25 5
343.75 6
344.75 6
345.75 6
346.75 6
347.75 6
348.75 6
349.75 6
350.75 6
351.75 6
406.75 6
439.75 6
440.75 6
441.75 6
442.75 6
443.75 6
444.75 6
445.75 6
446.75 6
447.75 6
448.75 6
449.75 6
450.75 6
451.75 6
452.75 6
453.75 6
454.75 6
455.75 6
338.25 7
339.25 7
340.25 7
341.25 7
342.25 7
343.25 7
344.25 7
345.25 7
346.25 7
347.25 7
348.25 7
349.25 7
407.25 7
456.25 7
457.25 7
458.25 7
459.25 7
460.25 7
461.25 7
462.25 7
331.75 8
332.75 8
333.75 8
334.75 8
335.75 8
336.75 8
337.75 8
406.75 8
456.75 8
461.75 8
462.75 8
463.75 8
464.75 8
465.75 8
466.75 8
467.75 8
326.25 9
327.25 9
328.25 9
329.25 9
330.25 9
331.25 9
332.25 9
334.25 9
336.25 9
407.25 9
468.25 9
469.25 9
470.25 9
471.25 9
472.25 9
473.25 9
474.25 9
320.75 10
321.75 10
322.75 10
323.75 10
324.75 10
325.75 10
405.75 10
406.75 10
468.75 10
470.75 10
473.75 10
474.75 10
475.75 10
476.75 10
477.75 10
478.75 10
316.25 11
317.25 11
318.25 11
319.25 11
320.25 11
321.25 11
322.25 11
323.25 11
324.25 11
406.25 11
479.25 11
480.25 11
481.25 11
482.25 11
483.25 11
484.25 11
311.75 12
312.75 12
313.75 12
314.75 12
315.75 12
320.75 12
405.75 12
480.75 12
481.75 12
482.75 12
483.75 12
484.75 12
485.75 12
486.75 12
487.75 12
308.25 13
309.25 13
310.25 13
311.25 13
312.25 13
314.25 13
315.25 13
320.25 13
403.25 13
405.25 13
488.25 13
489.25 13
490.25 13
491.25 13
492.25 13
303.75 14
304.75 14
305.75 14
306.75 14
307.75 14
402.75 14
404.75 14
405.75 14
489.75 14
492.75 14
493.75 14
494.75 14
495.75 14
300.25 15
301.25 15
302.25 15
303.25 15
304.25 15
403.25 15
404.25 15
496.25 15
497.25 15
498.25 15
499.25 15
500.25 15
295.75 16
296.75 16
297.75 16
298.75 16
299.75 16
404.75 16
497.75 16
498.75 16
499.75 16
500.75 16
501.75 16
502.75 16
503.75 16
292.25 17
293.25 17
294.25 17
295.25 17
296.25 17
298.25 17
404.25 17
504.25 17
505.25 17
506.25 17
507.25 17
508.25 17
288.75 18
289.75 18
290.75 18
291.75 18
403.75 18
404.75 18
506.75 18
507.75 18
508.75 18
509.75 18
510.75 18
285.25 19
286.25 19
287.25 19
288.25 19
290.25 19
400.25 19
402.25 19
403.25 19
404.25 19
511.25 19
512.25 19
513.25 19
514.25 19
515.25 19
281.75 20
282.75 20
283.75 20
284.75 20
400.75 20
401.75 20
513.75 20
514.75 20
515.75 20
516.75 20
517.75 20
279.25 21
280.25 21
281.25 21
283.25 21
400.25 21
518.25 21
519.25 21
520.25 21
521.25 21
275.75 22
276.75 22
277.75 22
278.75 22
399.75 22
518.75 22
521.75 22
522.75 22
523.75 22
273.25 23
274.25 23
275.25 23
276.25 23
400.25 23
523.25 23
525.25 23
526.25 23
527.25 23
269.75 24
270.75 24
271.75 24
272.75 24
400.75 24
523.75 24
524.75 24
525.75 24
527.75 24
528.75 24
529.75 24
267.25 25
268.25 25
269.25 25
271.25 25
272.25 25
401.25 25
528.25 25
530.25 25
531.25 25
532.25 25
533.25 25
263.75 26
264.75 26
265.75 26
266.75 26
400.75 26
530.75 26
531.75 26
533.75 26
534.75 26
535.75 26
262.25 27
263.25 27
264.25 27
266.25 27
399.25 27
400.25 27
536.25 27
537.25 27
538.25 27
258.75 28
259.75 28
260.75 28
261.75 28
264.75 28
400.75 28
536.75 28
538.75 28
539.75 28
540.75 28
256.25 29
257.25 29
258.25 29
259.25 29
265.25 29
401.25 29
536.25 29
541.25 29
542.25 29
543.25 29
544.25 29
253.75 30
254.75 30
255.75 30
401.75 30
542.75 30
543.75 30
544.75 30
545.75 30
251.25 31
252.25 31
253.25 31
255.25 31
402.25 31
544.25 31
546.25 31
547.25 31
548.25 31
549.25 31
248.75 32
249.75 32
250.75 32
402.75 32
548.75 32
549.75 32
550.75 32
247.25 33
248.25 33
249.25 33
402.25 33
551.25 33
552.25 33
553.25 33
243.75 34
244.75 34
245.75 34
247.75 34
402.75 34
551.75 34
552.75 34
553.75 34
554.75 34
555.75 34
242.25 35
243.25 35
244.25 35
245.25 35
247.25 35
403.25 35
556.25 35
557.25 35
558.25 35
239.75 36
240.75 36
241.75 36
245.75 36
246.75 36
403.75 36
556.75 36
557.75 36
558.75 36
559.75 36
237.25 37
238.25 37
239.25 37
240.25 37
401.25 37
402.25 37
403.25 37
559.25 37
561.25 37
562.25 37
563.25 37
234.75 38
235.75 38
236.75 38
403.75 38
559.75 38
560.75 38
561.75 38
563.75 38
564.75 38
233.25 39
234.25 39
235.25 39
404.25 39
564.25 39
566.25 39
567.25 39
230.75 40
231.75 40
232.75 40
404.75 40
564.75 40
565.75 40
567.75 40
568.75 40
229.25 41
230.25 41
231.25 41
232.25 41
405.25 41
569.25 41
570.25 41
571.25 41
226.75 42
227.75 42
228.75 42
405.75 42
571.75 42
572.75 42
225.25 43
226.25 43
227.25 43
228.25 43
405.25 43
573.25 43
574.25 43
575.25 43
222.75 44
223.75 44
224.75 44
225.75 44
405.75 44
575.75 44
576.75 44
221.25 45
222.25 45
405.25 45
577.25 45
578.25 45
579.25 45
218.75 46
219.75 46
220.75 46
404.75 46
579.75 46
580.75 46
217.25 47
218.25 47
219.25 47
220.25 47
404.25 47
581.25 47
582.25 47
583.25 47
214.75 48
215.75 48
216.75 48
404.75 48
583.75 48
584.75 48
213.25 49
214.25 49
215.25 49
216.25 49
404.25 49
585.25 49
586.25 49
587.25 49
210.75 50
211.75 50
212.75 50
403.75 50
586.75 50
587.75 50
588.75 50
209.25 51
210.25 51
211.25 51
212.25 51
403.25 51
589.25 51
590.25 51
591.25 51
206.75 52
207.75 52
208.75 52
401.75 52
402.75 52
589.75 52
591.75 52
592.75 52
206.25 53
207.25 53
401.25 53
593.25 53
594.25 53
203.75 54
204.75 54
205.75 54
400.75 54
594.75 54
595.75 54
202.25 55
203.25 55
204.25 55
400.25 55
595.25 55
597.25 55
598.25 55
199.75 56
200.75 56
201.75 56
400.75 56
594.75 56
598.75 56
599.75 56
199.25 57
200.25 57
201.25 57
398.25 57
399.25 57
400.25 57
595.25 57
599.25 57
601.25 57
196.75 58
197.75 58
198.75 58
400.75 58
595.75 58
596.75 58
597.75 58
598.75 58
599.75 58
600.75 58
601.75 58
602.75 58
195.25 59
196.25 59
197.25 59
401.25 59
603.25 59
604.25 59
605.25 59
193.75 60
194.75 60
401.75 60
402.75 60
604.75 60
605.75 60
192.25 61
193.25 61
403.25 61
606.25 61
607.25 61
608.25 61
189.75 62
190.75 62
192.75 62
403.75 62
404.75 62
405.75 62
605.75 62
607.75 62
608.75 62
609.75 62
189.25 63
190.25 63
191.25 63
192.25 63
404.25 63
605.25 63
610.25 63
611.25 63
186.75 64
187.75 64
188.75 64
404.75 64
610.75 64
611.75 64
612.75 64
186.25 65
187.25 65
188.25 65
404.25 65
613.25 65
614.25 65
183.75 66
184.75 66
185.75 66
403.75 66
613.75 66
614.75 66
615.75 66
183.25 67
185.25 67
403.25 67
616.25 67
617.25 67
180.75 68
181.75 68
182.75 68
402.75 68
616.75 68
617.75 68
618.75 68
179.25 69
180.25 69
182.25 69
401.25 69
402.25 69
619.25 69
620.25 69
621.25 69
177.75 70
178.75 70
402.75 70
621.75 70
177.25 71
178.25 71
403.25 71
404.25 71
622.25 71
623.25 71
174.75 72
175.75 72
176.75 72
403.75 72
623.75 72
624.75 72
174.25 73
175.25 73
176.25 73
403.25 73
625.25 73
626.25 73
171.75 74
172.75 74
173.75 74
402.75 74
625.75 74
626.75 74
627.75 74
171.25 75
403.25 75
628.25 75
629.25 75
168.75 76
169.75 76
170.75 76
171.75 76
402.75 76
629.75 76
630.75 76
168.25 77
402.25 77
631.25 77
632.25 77
166.75 78
167.75 78
402.75 78
632.75 78
165.25 79
166.25 79
167.25 79
402.25 79
633.25 79
634.25 79
635.25 79
163.75 80
164.75 80
401.75 80
633.75 80
634.75 80
635.75 80
163.25 81
401.25 81
636.25 81
637.25 81
160.75 82
161.75 82
162.75 82
401.75 82
637.75 82
638.75 82
160.25 83
401.25 83
639.25 83
640.25 83
158.75 84
159.75 84
401.75 84
639.75 84
640.75 84
157.25 85
158.25 85
159.25 85
401.25 85
641.25 85
642.25 85
643.25 85
155.75 86
156.75 86
401.75 86
642.75 86
643.75 86
155.25 87
400.25 87
401.25 87
644.25 87
645.25 87
152.75 88
153.75 88
154.75 88
399.75 88
644.75 88
645.75 88
646.75 88
152.25 89
153.25 89
154.25 89
399.25 89
647.25 89
648.25 89
150.75 90
151.75 90
398.75 90
399.75 90
648.75 90
150.25 91
400.25 91
649.25 91
650.25 91
147.75 92
148.75 92
149.75 92
400.75 92
649.75 92
650.75 92
651.75 92
147.25 93
148.25 93
400.25 93
651.25 93
653.25 93
145.75 94
146.75 94
399.75 94
651.75 94
652.75 94
653.75 94
145.25 95
146.25 95
399.25 95
653.25 95
655.25 95
143.75 96
144.75 96
399.75 96
653.75 96
654.75 96
655.75 96
142.25 97
143.25 97
399.25 97
653.25 97
656.25 97
657.25 97
658.25 97
140.75 98
141.75 98
398.75 98
657.75 98
658.75 98
140.25 99
141.25 99
398.25 99
658.25 99
660.25 99
138.75 100
139.75 100
397.75 100
658.75 100
659.75 100
660.75 100
138.25 101
397.25 101
661.25 101
662.25 101
136.75 102
137.75 102
396.75 102
661.75 102
662.75 102
136.25 103
396.25 103
663.25 103
664.25 103
133.75 104
134.75 104
136.75 104
395.75 104
663.75 104
664.75 104
665.75 104
133.25 105
135.25 105
136.25 105
395.25 105
666.25 105
667.25 105
131.75 106
133.75 106
395.75 106
666.75 106
667.75 106
131.25 107
132.25 107
133.25 107
396.25 107
667.25 107
669.25 107
129.75 108
130.75 108
132.75 108
396.75 108
667.75 108
668.75 108
669.75 108
129.25 109
397.25 109
398.25 109
399.25 109
400.25 109
670.25 109
671.25 109
127.75 110
128.75 110
397.75 110
400.75 110
401.75 110
671.75 110
127.25 111
397.25 111
672.25 111
673.25 111
125.75 112
126.75 112
396.75 112
672.75 112
673.75 112
125.25 113
126.25 113
396.25 113
673.25 113
675.25 113
123.75 114
124.75 114
396.75 114
397.75 114
672.75 114
673.75 114
674.75 114
675.75 114
123.25 115
397.25 115
676.25 115
677.25 115
121.75 116
122.75 116
123.75 116
395.75 116
396.75 116
676.75 116
677.75 116
121.25 117
395.25 117
677.25 117
679.25 117
119.75 118
120.75 118
394.75 118
677.75 118
678.75 118
679.75 118
119.25 119
120.25 119
392.25 119
394.25 119
680.25 119
681.25 119
117.75 120
119.75 120
392.75 120
393.75 120
679.75 120
680.75 120
681.75 120
117.25 121
118.25 121
119.25 121
392.25 121
682.25 121
683.25 121
115.75 122
117.75 122
391.75 122
682.75 122
683.75 122
115.25 123
116.25 123
117.25 123
391.25 123
684.25 123
685.25 123
113.75 124
114.75 124
391.75 124
392.75 124
685.75 124
113.25 125
391.25 125
686.25 125
687.25 125
111.75 126
112.75 126
113.75 126
391.75 126
686.75 126
687.75 126
111.25 127
392.25 127
688.25 127
689.25 127
109.75 128
110.75 128
391.75 128
689.75 128
109.25 129
391.25 129
690.25 129
691.25 129
107.75 130
108.75 130
109.75 130
390.75 130
691.75 130
107.25 131
108.25 131
390.25 131
692.25 131
693.25 131
105.75 132
106.75 132
390.75 132
692.75 132
693.75 132
105.25 133
106.25 133
391.25 133
392.25 133
694.25 133
695.25 133
103.75 134
104.75 134
392.75 134
694.75 134
695.75 134
104.25 135
393.25 135
695.25 135
696.25 135
102.75 136
103.75 136
393.75 136
696.75 136
102.25 137
393.25 137
394.25 137
696.25 137
698.25 137
100.75 138
101.75 138
394.75 138
395.75 138
696.75 138
697.75 138
698.75 138
100.25 139
394.25 139
697.25 139
699.25 139
700.25 139
98.75 140
99.75 140
394.75 140
697.75 140
699.75 140
700.75 140
98.25 141
393.25 141
394.25 141
697.25 141
701.25 141
702.25 141
96.75 142
97.75 142
394.75 142
697.75 142
702.75 142
97.25 143
394.25 143
703.25 143
95.75 144
96.75 144
393.75 144
703.75 144
95.25 145
96.25 145
393.25 145
704.25 145
705.25 145
93.75 146
94.75 146
393.75 146
704.75 146
705.75 146
93.25 147
392.25 147
393.25 147
706.25 147
707.25 147
91.75 148
93.75 148
392.75 148
707.75 148
92.25 149
93.25 149
392.25 149
708.25 149
90.75 150
91.75 150
392.75 150
708.75 150
90.25 151
392.25 151
709.25 151
710.25 151
88.75 152
89.75 152
391.75 152
710.75 152
88.25 153
89.25 153
390.25 153
391.25 153
710.25 153
712.25 153
87.75 154
390.75 154
710.75 154
711.75 154
87.25 155
391.25 155
712.25 155
713.25 155
85.75 156
86.75 156
390.75 156
391.75 156
712.75 156
713.75 156
85.25 157
390.25 157
713.25 157
715.25 157
84.75 158
390.75 158
713.75 158
714.75 158
84.25 159
391.25 159
392.25 159
715.25 159
716.25 159
82.75 160
83.75 160
392.75 160
393.75 160
716.75 160
82.25 161
393.25 161
717.25 161
718.25 161
81.75 162
393.75 162
394.75 162
717.75 162
81.25 163
393.25 163
718.25 163
719.25 163
79.75 164
80.75 164
392.75 164
719.75 164
79.25 165
392.25 165
720.25 165
721.25 165
78.75 166
391.75 166
392.75 166
719.75 166
720.75 166
78.25 167
391.25 167
719.25 167
722.25 167
76.75 168
78.75 168
391.75 168
719.75 168
720.75 168
721.75 168
722.75 168
76.25 169
77.25 169
78.25 169
391.25 169
723.25 169
724.25 169
75.75 170
76.75 170
390.75 170
723.75 170
75.25 171
76.25 171
390.25 171
724.25 171
725.25 171
73.75 172
74.75 172
390.75 172
724.75 172
725.75 172
74.25 173
391.25 173
724.25 173
726.25 173
72.75 174
73.75 174
391.75 174
724.75 174
725.75 174
726.75 174
72.25 175
391.25 175
727.25 175
728.25 175
71.75 176
391.75 176
727.75 176
71.25 177
391.25 177
728.25 177
729.25 177
69.75 178
70.75 178
391.75 178
727.75 178
729.75 178
69.25 179
70.25 179
392.25 179
728.25 179
729.25 179
731.25 179
68.75 180
69.75 180
391.75 180
729.75 180
730.75 180
68.25 181
69.25 181
391.25 181
731.25 181
732.25 181
67.75 182
391.75 182
731.75 182
67.25 183
391.25 183
732.25 183
733.25 183
65.75 184
66.75 184
390.75 184
733.75 184
66.25 185
390.25 185
734.25 185
64.75 186
65.75 186
390.75 186
734.75 186
64.25 187
390.25 187
734.25 187
736.25 187
63.75 188
64.75 188
390.75 188
733.75 188
734.75 188
735.75 188
63.25 189
390.25 189
736.25 189
737.25 189
61.75 190
63.75 190
390.75 190
737.75 190
62.25 191
63.25 191
391.25 191
737.25 191
738.25 191
60.75 192
61.75 192
62.75 192
391.75 192
738.75 192
61.25 193
392.25 193
739.25 193
59.75 194
60.75 194
391.75 194
738.75 194
739.75 194
59.25 195
391.25 195
740.25 195
741.25 195
58.75 196
391.75 196
740.75 196
58.25 197
392.25 197
741.25 197
742.25 197
57.75 198
58.75 198
392.75 198
741.75 198
57.25 199
58.25 199
392.25 199
742.25 199
743.25 199
55.75 200
56.75 200
392.75 200
393.75 200
394.75 200
742.75 200
743.75 200
56.25 201
393.25 201
744.25 201
54.75 202
55.75 202
393.75 202
744.75 202
55.25 203
393.25 203
745.25 203
53.75 204
55.75 204
392.75 204
745.75 204
54.25 205
55.25 205
392.25 205
746.25 205
52.75 206
53.75 206
391.75 206
746.75 206
52.25 207
392.25 207
747.25 207
748.25 207
51.75 208
392.75 208
747.75 208
51.25 209
391.25 209
392.25 209
747.25 209
749.25 209
50.75 210
392.75 210
747.75 210
748.75 210
50.25 211
393.25 211
394.25 211
749.25 211
750.25 211
49.75 212
394.75 212
749.75 212
49.25 213
50.25 213
395.25 213
749.25 213
751.25 213
48.75 214
395.75 214
749.75 214
750.75 214
48.25 215
395.25 215
750.25 215
752.25 215
47.75 216
394.75 216
749.75 216
750.75 216
751.75 216
47.25 217
394.25 217
752.25 217
753.25 217
46.75 218
394.75 218
752.75 218
46.25 219
47.25 219
395.25 219
753.25 219
754.25 219
45.75 220
394.75 220
753.75 220
45.25 221
394.25 221
754.25 221
755.25 221
44.75 222
394.75 222
754.75 222
44.25 223
394.25 223
755.25 223
756.25 223
43.75 224
394.75 224
755.75 224
43.25 225
395.25 225
756.25 225
757.25 225
42.75 226
395.75 226
756.75 226
42.25 227
395.25 227
757.25 227
758.25 227
41.75 228
395.75 228
757.75 228
41.25 229
395.25 229
758.25 229
759.25 229
40.75 230
394.75 230
758.75 230
40.25 231
395.25 231
758.25 231
759.25 231
760.25 231
39.75 232
40.75 232
395.75 232
759.75 232
39.25 233
395.25 233
396.25 233
760.25 233
761.25 233
38.75 234
396.75 234
760.75 234
38.25 235
396.25 235
760.25 235
762.25 235
37.75 236
396.75 236
397.75 236
760.75 236
761.75 236
37.25 237
398.25 237
762.25 237
763.25 237
36.75 238
37.75 238
398.75 238
762.75 238
37.25 239
398.25 239
399.25 239
763.25 239
35.75 240
36.75 240
397.75 240
763.75 240
36.25 241
397.25 241
398.25 241
403.25 241
763.25 241
764.25 241
34.75 242
35.75 242
398.75 242
402.75 242
762.75 242
764.75 242
35.25 243
398.25 243
402.25 243
765.25 243
33.75 244
34.75 244
398.75 244
399.75 244
400.75 244
401.75 244
765.75 244
34.25 245
399.25 245
766.25 245
33.75 246
398.75 246
765.75 246
33.25 247
398.25 247
766.25 247
767.25 247
32.75 248
397.75 248
766.75 248
32.25 249
397.25 249
766.25 249
768.25 249
31.75 250
397.75 250
765.75 250
766.75 250
767.75 250
31.25 251
397.25 251
398.25 251
767.25 251
769.25 251
30.75 252
398.75 252
767.75 252
768.75 252
31.25 253
399.25 253
769.25 253
29.75 254
30.75 254
399.75 254
768.75 254
769.75 254
30.25 255
399.25 255
770.25 255
28.75 256
29.75 256
398.75 256
770.75 256
29.25 257
391.25 257
392.25 257
398.25 257
771.25 257
28.75 258
29.75 258
392.75 258
393.75 258
394.75 258
395.75 258
396.75 258
397.75 258
770.75 258
28.25 259
29.25 259
398.25 259
771.25 259
772.25 259
27.75 260
398.75 260
771.75 260
28.25 261
398.25 261
771.25 261
772.25 261
26.75 262
27.75 262
398.75 262
399.75 262
771.75 262
772.75 262
27.25 263
400.25 263
773.25 263
25.75 264
26.75 264
400.75 264
773.75 264
26.25 265
400.25 265
773.25 265
774.25 265
25.75 266
400.75 266
773.75 266
25.25 267
401.25 267
774.25 267
775.25 267
24.75 268
25.75 268
401.75 268
774.75 268
25.25 269
402.25 269
403.25 269
775.25 269
23.75 270
24.75 270
402.75 270
775.75 270
24.25 271
403.25 271
776.25 271
23.75 272
24.75 272
403.75 272
775.75 272
23.25 273
24.25 273
403.25 273
775.25 273
777.25 273
22.75 274
403.75 274
775.75 274
776.75 274
23.25 275
403.25 275
404.25 275
777.25 275
21.75 276
22.75 276
403.75 276
777.75 276
22.25 277
404.25 277
777.25 277
778.25 277
21.75 278
22.75 278
404.75 278
777.75 278
21.25 279
22.25 279
402.25 279
403.25 279
404.25 279
777.25 279
779.25 279
20.75 280
22.75 280
404.75 280
777.75 280
778.75 280
21.25 281
22.25 281
405.25 281
777.25 281
779.25 281
19.75 282
21.75 282
405.75 282
779.75 282
20.25 283
21.25 283
406.25 283
780.25 283
19.75 284
20.75 284
406.75 284
779.75 284
19.25 285
407.25 285
780.25 285
781.25 285
18.75 286
404.75 286
405.75 286
406.75 286
780.75 286
19.25 287
403.25 287
404.25 287
780.25 287
781.25 287
18.75 288
404.75 288
780.75 288
18.25 289
404.25 289
781.25 289
782.25 289
17.75 290
404.75 290
781.75 290
18.25 291
404.25 291
781.25 291
782.25 291
16.75 292
17.75 292
404.75 292
407.75 292
781.75 292
782.75 292
17.25 293
404.25 293
407.25 293
783.25 293
16.75 294
17.75 294
404.75 294
405.75 294
406.75 294
782.75 294
17.25 295
404.25 295
783.25 295
15.75 296
17.75 296
403.75 296
783.75 296
16.25 297
17.25 297
402.25 297
403.25 297
784.25 297
15.75 298
16.75 298
403.75 298
404.75 298
783.75 298
16.25 299
405.25 299
783.25 299
784.25 299
14.75 300
15.75 300
404.75 300
783.75 300
784.75 300
15.25 301
405.25 301
785.25 301
14.75 302
405.75 302
784.75 302
15.25 303
405.25 303
784.25 303
785.25 303
13.75 304
14.75 304
405.75 304
783.75 304
785.75 304
14.25 305
15.25 305
405.25 305
786.25 305
13.75 306
405.75 306
785.75 306
14.25 307
404.25 307
405.25 307
786.25 307
12.75 308
14.75 308
405.75 308
785.75 308
786.75 308
13.25 309
14.25 309
406.25 309
785.25 309
787.25 309
12.75 310
404.75 310
405.75 310
785.75 310
786.75 310
13.25 311
405.25 311
787.25 311
11.75 312
12.75 312
13.75 312
405.75 312
406.75 312
407.75 312
787.75 312
12.25 313
405.25 313
787.25 313
788.25 313
11.75 314
404.75 314
787.75 314
12.25 315
404.25 315
788.25 315
10.75 316
11.75 316
404.75 316
787.75 316
788.75 316
11.25 317
403.25 317
404.25 317
787.25 317
789.25 317
10.75 318
11.75 318
404.75 318
787.75 318
788.75 318
11.25 319
404.25 319
787.25 319
789.25 319
10.75 320
403.75 320
786.75 320
788.75 320
10.25 321
403.25 321
786.25 321
789.25 321
790.25 321
9.75 322
10.75 322
402.75 322
786.75 322
789.75 322
10.25 323
402.25 323
786.25 323
790.25 323
9.75 324
10.75 324
402.75 324
403.75 324
789.75 324
10.25 325
11.25 325
402.25 325
790.25 325
8.75 326
10.75 326
402.75 326
790.75 326
9.25 327
10.25 327
402.25 327
791.25 327
8.75 328
10.75 328
401.75 328
790.75 328
9.25 329
401.25 329
791.25 329
8.75 330
400.75 330
790.75 330
9.25 331
400.25 331
790.25 331
791.25 331
7.75 332
8.75 332
400.75 332
790.75 332
791.75 332
8.25 333
9.25 333
401.25 333
790.25 333
792.25 333
7.75 334
8.75 334
401.75 334
791.75 334
8.25 335
9.25 335
400.25 335
401.25 335
791.25 335
792.25 335
7.75 336
401.75 336
790.75 336
791.75 336
8.25 337
401.25 337
790.25 337
792.25 337
6.75 338
7.75 338
400.75 338
792.75 338
7.25 339
401.25 339
402.25 339
403.25 339
792.25 339
793.25 339
6.75 340
403.75 340
792.75 340
7.25 341
404.25 341
793.25 341
6.75 342
404.75 342
792.75 342
7.25 343
405.25 343
793.25 343
5.75 344
6.75 344
404.75 344
793.75 344
6.25 345
405.25 345
794.25 345
5.75 346
405.75 346
793.75 346
6.25 347
405.25 347
794.25 347
5.75 348
6.75 348
405.75 348
793.75 348
6.25 349
405.25 349
793.25 349
794.25 349
5.75 350
6.75 350
405.75 350
793.75 350
6.25 351
406.25 351
794.25 351
4.75 352
6.75 352
405.75 352
794.75 352
5.25 353
6.25 353
403.25 353
404.25 353
405.25 353
795.25 353
4.75 354
405.75 354
794.75 354
5.25 355
405.25 355
795.25 355
4.75 356
5.75 356
404.75 356
794.75 356
5.25 357
404.25 357
795.25 357
4.75 358
403.75 358
794.75 358
5.25 359
404.25 359
795.25 359
4.75 360
5.75 360
404.75 360
794.75 360
4.25 361
6.25 361
404.25 361
795.25 361
796.25 361
3.75 362
5.75 362
404.75 362
795.75 362
4.25 363
5.25 363
405.25 363
796.25 363
3.75 364
4.75 364
404.75 364
795.75 364
4.25 365
405.25 365
795.25 365
796.25 365
3.75 366
405.75 366
795.75 366
4.25 367
406.25 367
796.25 367
3.75 368
4.75 368
406.75 368
795.75 368
4.25 369
5.25 369
406.25 369
796.25 369
3.75 370
5.75 370
406.75 370
795.75 370
4.25 371
5.25 371
407.25 371
796.25 371
2.75 372
3.75 372
4.75 372
407.75 372
796.75 372
3.25 373
407.25 373
797.25 373
2.75 374
406.75 374
407.75 374
408.75 374
796.75 374
3.25 375
406.25 375
797.25 375
2.75 376
405.75 376
796.75 376
3.25 377
405.25 377
796.25 377
797.25 377
2.75 378
404.75 378
796.75 378
3.25 379
403.25 379
404.25 379
796.25 379
797.25 379
2.75 380
403.75 380
796.75 380
3.25 381
403.25 381
796.25 381
797.25 381
2.75 382
403.75 382
796.75 382
3.25 383
403.25 383
796.25 383
797.25 383
2.75 384
403.75 384
796.75 384
3.25 385
403.25 385
797.25 385
2.75 386
3.75 386
402.75 386
796.75 386
3.25 387
401.25 387
402.25 387
796.25 387
797.25 387
2.75 388
3.75 388
402.75 388
796.75 388
3.25 389
402.25 389
797.25 389
2.75 390
402.75 390
796.75 390
3.25 391
402.25 391
797.25 391
2.75 392
401.75 392
402.75 392
796.75 392
3.25 393
401.25 393
796.25 393
797.25 393
2.75 394
401.75 394
796.75 394
3.25 395
401.25 395
797.25 395
2.75 396
400.75 396
796.75 396
3.25 397
400.25 397
797.25 397
2.75 398
399.75 398
796.75 398
3.25 399
399.25 399
796.25 399
797.25 399
2.75 400
399.75 400
796.75 400
3.25 401
797.25 401
2.75 402
3.75 402
796.75 402
3.25 403
797.25 403
2.75 404
3.75 404
796.75 404
3.25 405
797.25 405
2.75 406
3.75 406
796.75 406
3.25 407
797.25 407
2.75 408
3.75 408
796.75 408
3.25 409
796.25 409
797.25 409
2.75 410
796.75 410
3.25 411
797.25 411
2.75 412
796.75 412
3.25 413
797.25 413
2.75 414
3.75 414
796.75 414
3.25 415
797.25 415
2.75 416
796.75 416
3.25 417
796.25 417
797.25 417
2.75 418
3.75 418
796.75 418
3.25 419
797.25 419
2.75 420
796.75 420
3.25 421
797.25 421
2.75 422
796.75 422
3.25 423
797.25 423
2.75 424
796.75 424
3.25 425
797.25 425
2.75 426
796.75 426
3.25 427
797.25 427
2.75 428
3.75 428
796.75 428
4.25 429
796.25 429
3.75 430
795.75 430
4.25 431
796.25 431
3.75 432
795.75 432
4.25 433
796.25 433
3.75 434
795.75 434
4.25 435
796.25 435
3.75 436
795.75 436
4.25 437
795.25 437
796.25 437
3.75 438
795.75 438
4.25 439
795.25 439
796.25 439
4.75 440
794.75 440
5.25 441
795.25 441
4.75 442
5.75 442
794.75 442
5.25 443
6.25 443
794.25 443
795.25 443
4.75 444
794.75 444
5.25 445
794.25 445
795.25 445
4.75 446
794.75 446
5.25 447
795.25 447
4.75 448
5.75 448
794.75 448
6.25 449
794.25 449
5.75 450
6.75 450
793.75 450
6.25 451
794.25 451
5.75 452
793.75 452
6.25 453
793.25 453
794.25 453
5.75 454
793.75 454
6.25 455
7.25 455
794.25 455
5.75 456
7.75 456
793.75 456
7.25 457
8.25 457
793.25 457
6.75 458
8.75 458
792.75 458
7.25 459
8.25 459
793.25 459
6.75 460
792.75 460
7.25 461
792.25 461
793.25 461
6.75 462
7.75 462
792.75 462
8.25 463
792.25 463
7.75 464
8.75 464
791.75 464
8.25 465
791.25 465
792.25 465
7.75 466
791.75 466
8.25 467
792.25 467
7.75 468
8.75 468
791.75 468
9.25 469
791.25 469
8.75 470
790.75 470
9.25 471
790.25 471
791.25 471
8.75 472
9.75 472
790.75 472
9.25 473
791.25 473
8.75 474
9.75 474
790.75 474
10.25 475
789.25 475
790.25 475
9.75 476
10.75 476
788.75 476
789.75 476
10.25 477
788.25 477
790.25 477
9.75 478
10.75 478
787.75 478
788.75 478
789.75 478
10.25 479
787.25 479
790.25 479
10.75 480
787.75 480
788.75 480
11.25 481
787.25 481
789.25 481
10.75 482
11.75 482
786.75 482
787.75 482
788.75 482
11.25 483
789.25 483
10.75 484
11.75 484
788.75 484
12.25 485
788.25 485
11.75 486
787.75 486
12.25 487
788.25 487
11.75 488
12.75 488
787.75 488
13.25 489
787.25 489
12.75 490
786.75 490
13.25 491
787.25 491
12.75 492
13.75 492
786.75 492
14.25 493
786.25 493
13.75 494
785.75 494
14.25 495
785.25 495
786.25 495
13.75 496
14.75 496
784.75 496
785.75 496
15.25 497
785.25 497
14.75 498
784.75 498
15.25 499
785.25 499
14.75 500
15.75 500
16.75 500
784.75 500
16.25 501
784.25 501
15.75 502
16.75 502
783.75 502
16.25 503
17.25 503
784.25 503
15.75 504
17.75 504
783.75 504
17.25 505
18.25 505
783.25 505
16.75 506
17.75 506
782.75 506
17.25 507
782.25 507
783.25 507
16.75 508
17.75 508
782.75 508
18.25 509
782.25 509
17.75 510
18.75 510
781.75 510
18.25 511
19.25 511
781.25 511
782.25 511
18.75 512
780.75 512
19.25 513
780.25 513
781.25 513
18.75 514
780.75 514
19.25 515
780.25 515
781.25 515
19.75 516
779.75 516
20.25 517
780.25 517
19.75 518
20.75 518
779.75 518
21.25 519
779.25 519
20.75 520
21.75 520
778.75 520
21.25 521
778.25 521
779.25 521
21.75 522
777.75 522
22.25 523
777.25 523
778.25 523
21.75 524
22.75 524
776.75 524
777.75 524
23.25 525
777.25 525
22.75 526
23.75 526
776.75 526
23.25 527
776.25 527
777.25 527
23.75 528
774.75 528
775.75 528
24.25 529
775.25 529
776.25 529
23.75 530
24.75 530
775.75 530
25.25 531
775.25 531
24.75 532
25.75 532
774.75 532
25.25 533
774.25 533
775.25 533
25.75 534
773.75 534
26.25 535
774.25 535
25.75 536
26.75 536
773.75 536
27.25 537
773.25 537
26.75 538
27.75 538
772.75 538
28.25 539
772.25 539
27.75 540
771.75 540
28.25 541
771.25 541
772.25 541
28.75 542
770.75 542
29.25 543
771.25 543
28.75 544
29.75 544
770.75 544
30.25 545
770.25 545
29.75 546
30.75 546
31.75 546
769.75 546
31.25 547
769.25 547
30.75 548
768.75 548
31.25 549
768.25 549
769.25 549
31.75 550
767.75 550
32.25 551
767.25 551
768.25 551
32.75 552
766.75 552
33.25 553
766.25 553
767.25 553
33.75 554
765.75 554
34.25 555
765.25 555
766.25 555
33.75 556
34.75 556
765.75 556
35.25 557
765.25 557
34.75 558
35.75 558
763.75 558
764.75 558
36.25 559
764.25 559
35.75 560
36.75 560
763.75 560
37.25 561
763.25 561
36.75 562
762.75 562
37.25 563
762.25 563
763.25 563
37.75 564
761.75 564
38.25 565
761.25 565
762.25 565
38.75 566
759.75 566
760.75 566
39.25 567
759.25 567
761.25 567
39.75 568
758.75 568
759.75 568
40.25 569
759.25 569
760.25 569
40.75 570
758.75 570
41.25 571
758.25 571
759.25 571
41.75 572
757.75 572
42.25 573
43.25 573
757.25 573
758.25 573
42.75 574
756.75 574
43.25 575
756.25 575
757.25 575
43.75 576
755.75 576
44.25 577
755.25 577
756.25 577
44.75 578
754.75 578
45.25 579
754.25 579
755.25 579
45.75 580
753.75 580
46.25 581
753.25 581
754.25 581
46.75 582
752.75 582
47.25 583
752.25 583
753.25 583
47.75 584
751.75 584
48.25 585
751.25 585
752.25 585
48.75 586
750.75 586
49.25 587
749.25 587
750.25 587
751.25 587
49.75 588
749.75 588
50.25 589
749.25 589
750.25 589
50.75 590
748.75 590
51.25 591
748.25 591
749.25 591
51.75 592
747.75 592
52.25 593
747.25 593
748.25 593
52.75 594
53.75 594
746.75 594
54.25 595
746.25 595
53.75 596
54.75 596
745.75 596
55.25 597
745.25 597
54.75 598
55.75 598
743.75 598
744.75 598
56.25 599
57.25 599
744.25 599
55.75 600
57.75 600
743.75 600
57.25 601
742.25 601
743.25 601
57.75 602
58.75 602
741.75 602
58.25 603
741.25 603
742.25 603
58.75 604
740.75 604
59.25 605
740.25 605
741.25 605
59.75 606
60.75 606
739.75 606
61.25 607
62.25 607
738.25 607
739.25 607
60.75 608
62.75 608
738.75 608
62.25 609
63.25 609
738.25 609
61.75 610
62.75 610
737.75 610
63.25 611
736.25 611
737.25 611
63.75 612
735.75 612
64.25 613
735.25 613
736.25 613
64.75 614
65.75 614
734.75 614
66.25 615
734.25 615
65.75 616
66.75 616
733.75 616
67.25 617
732.25 617
733.25 617
67.75 618
68.75 618
731.75 618
68.25 619
69.25 619
731.25 619
732.25 619
68.75 620
730.75 620
69.25 621
730.25 621
731.25 621
69.75 622
70.75 622
729.75 622
71.25 623
728.25 623
729.25 623
71.75 624
724.75 624
725.75 624
726.75 624
727.75 624
72.25 625
73.25 625
725.25 625
728.25 625
72.75 626
73.75 626
725.75 626
726.75 626
74.25 627
726.25 627
73.75 628
74.75 628
725.75 628
75.25 629
76.25 629
724.25 629
725.25 629
75.75 630
76.75 630
722.75 630
723.75 630
76.25 631
77.25 631
722.25 631
724.25 631
76.75 632
77.75 632
722.75 632
78.25 633
721.25 633
722.25 633
78.75 634
720.75 634
79.25 635
720.25 635
721.25 635
79.75 636
80.75 636
719.75 636
81.25 637
718.25 637
719.25 637
81.75 638
82.75 638
717.75 638
82.25 639
716.25 639
717.25 639
718.25 639
82.75 640
83.75 640
716.75 640
84.25 641
715.25 641
716.25 641
84.75 642
714.75 642
85.25 643
714.25 643
715.25 643
85.75 644
86.75 644
713.75 644
87.25 645
712.25 645
713.25 645
87.75 646
88.75 646
89.75 646
711.75 646
88.25 647
89.25 647
711.25 647
712.25 647
88.75 648
89.75 648
710.75 648
90.25 649
709.25 649
710.25 649
90.75 650
91.75 650
708.75 650
92.25 651
93.25 651
94.25 651
708.25 651
91.75 652
94.75 652
707.75 652
93.25 653
94.25 653
706.25 653
707.25 653
93.75 654
94.75 654
705.75 654
95.25 655
704.25 655
705.25 655
95.75 656
96.75 656
702.75 656
703.75 656
97.25 657
98.25 657
702.25 657
703.25 657
96.75 658
98.75 658
702.75 658
98.25 659
701.25 659
702.25 659
98.75 660
99.75 660
700.75 660
100.25 661
699.25 661
700.25 661
100.75 662
101.75 662
698.75 662
102.25 663
697.25 663
698.25 663
102.75 664
103.75 664
696.75 664
104.25 665
696.25 665
103.75 666
104.75 666
695.75 666
105.25 667
694.25 667
695.25 667
105.75 668
106.75 668
693.75 668
107.25 669
691.25 669
692.25 669
693.25 669
107.75 670
108.75 670
109.75 670
110.75 670
691.75 670
109.25 671
110.25 671
689.25 671
690.25 671
691.25 671
109.75 672
110.75 672
689.75 672
111.25 673
688.25 673
689.25 673
111.75 674
112.75 674
687.75 674
113.25 675
686.25 675
687.25 675
113.75 676
114.75 676
115.75 676
685.75 676
115.25 677
116.25 677
683.25 677
684.25 677
685.25 677
115.75 678
116.75 678
682.75 678
683.75 678
117.25 679
682.25 679
683.25 679
117.75 680
118.75 680
681.75 680
119.25 681
680.25 681
681.25 681
119.75 682
120.75 682
679.75 682
121.25 683
678.25 683
679.25 683
121.75 684
122.75 684
677.75 684
123.25 685
675.25 685
676.25 685
677.25 685
123.75 686
124.75 686
125.75 686
675.75 686
125.25 687
674.25 687
675.25 687
125.75 688
126.75 688
673.75 688
127.25 689
672.25 689
673.25 689
127.75 690
128.75 690
671.75 690
129.25 691
669.25 691
670.25 691
671.25 691
129.75 692
130.75 692
669.75 692
131.25 693
668.25 693
669.25 693
131.75 694
132.75 694
133.75 694
667.75 694
133.25 695
666.25 695
667.25 695
133.75 696
134.75 696
135.75 696
664.75 696
665.75 696
136.25 697
662.25 697
663.25 697
664.25 697
136.75 698
137.75 698
661.75 698
662.75 698
138.25 699
661.25 699
662.25 699
138.75 700
139.75 700
140.75 700
660.75 700
140.25 701
659.25 701
660.25 701
140.75 702
141.75 702
142.75 702
143.75 702
658.75 702
142.25 703
143.25 703
144.25 703
656.25 703
657.25 703
658.25 703
143.75 704
144.75 704
655.75 704
145.25 705
654.25 705
655.25 705
145.75 706
146.75 706
653.75 706
147.25 707
652.25 707
653.25 707
147.75 708
148.75 708
149.75 708
650.75 708
651.75 708
150.25 709
649.25 709
650.25 709
150.75 710
151.75 710
648.75 710
152.25 711
647.25 711
648.25 711
152.75 712
153.75 712
154.75 712
645.75 712
646.75 712
155.25 713
644.25 713
645.25 713
155.75 714
156.75 714
643.75 714
157.25 715
158.25 715
641.25 715
642.25 715
643.25 715
158.75 716
159.75 716
640.75 716
160.25 717
639.25 717
640.25 717
160.75 718
161.75 718
162.75 718
163.75 718
164.75 718
637.75 718
638.75 718
163.25 719
635.25 719
636.25 719
637.25 719
163.75 720
164.75 720
635.75 720
165.25 721
166.25 721
633.25 721
634.25 721
635.25 721
166.75 722
167.75 722
631.75 722
632.75 722
168.25 723
631.25 723
632.25 723
168.75 724
169.75 724
170.75 724
629.75 724
630.75 724
171.25 725
628.25 725
629.25 725
171.75 726
172.75 726
173.75 726
626.75 726
627.75 726
174.25 727
625.25 727
626.25 727
174.75 728
175.75 728
176.75 728
623.75 728
624.75 728
177.25 729
622.25 729
623.25 729
177.75 730
178.75 730
621.75 730
179.25 731
180.25 731
617.25 731
618.25 731
619.25 731
620.25 731
621.25 731
180.75 732
181.75 732
182.75 732
616.75 732
617.75 732
618.75 732
183.25 733
616.25 733
617.25 733
183.75 734
184.75 734
185.75 734
614.75 734
615.75 734
186.25 735
613.25 735
614.25 735
186.75 736
187.75 736
188.75 736
611.75 736
612.75 736
189.25 737
191.25 737
610.25 737
611.25 737
189.75 738
190.75 738
191.75 738
608.75 738
609.75 738
192.25 739
193.25 739
606.25 739
607.25 739
608.25 739
193.75 740
194.75 740
605.75 740
195.25 741
196.25 741
603.25 741
604.25 741
605.25 741
196.75 742
197.75 742
198.75 742
601.75 742
602.75 742
199.25 743
600.25 743
601.25 743
199.75 744
200.75 744
201.75 744
598.75 744
599.75 744
202.25 745
203.25 745
595.25 745
596.25 745
597.25 745
598.25 745
203.75 746
204.75 746
205.75 746
206.75 746
594.75 746
595.75 746
206.25 747
593.25 747
594.25 747
206.75 748
207.75 748
208.75 748
591.75 748
592.75 748
209.25 749
210.25 749
589.25 749
590.25 749
591.25 749
210.75 750
211.75 750
212.75 750
587.75 750
588.75 750
213.25 751
214.25 751
583.25 751
584.25 751
585.25 751
586.25 751
587.25 751
214.75 752
215.75 752
216.75 752
217.75 752
582.75 752
583.75 752
584.75 752
217.25 753
218.25 753
219.25 753
581.25 753
582.25 753
583.25 753
218.75 754
219.75 754
220.75 754
578.75 754
579.75 754
580.75 754
221.25 755
222.25 755
574.25 755
575.25 755
576.25 755
577.25 755
578.25 755
579.25 755
222.75 756
223.75 756
224.75 756
573.75 756
575.75 756
576.75 756
225.25 757
226.25 757
573.25 757
574.25 757
575.25 757
226.75 758
227.75 758
228.75 758
570.75 758
571.75 758
572.75 758
229.25 759
230.25 759
569.25 759
570.25 759
571.25 759
230.75 760
231.75 760
232.75 760
233.75 760
566.75 760
567.75 760
568.75 760
233.25 761
234.25 761
565.25 761
566.25 761
567.25 761
234.75 762
235.75 762
236.75 762
238.75 762
563.75 762
564.75 762
237.25 763
238.25 763
239.25 763
240.25 763
558.25 763
560.25 763
561.25 763
562.25 763
563.25 763
239.75 764
240.75 764
241.75 764
242.75 764
243.75 764
558.75 764
559.75 764
242.25 765
243.25 765
556.25 765
557.25 765
558.25 765
243.75 766
244.75 766
245.75 766
246.75 766
553.75 766
554.75 766
555.75 766
247.25 767
248.25 767
551.25 767
552.25 767
553.25 767
248.75 768
249.75 768
250.75 768
549.75 768
550.75 768
251.25 769
252.25 769
253.25 769
546.25 769
547.25 769
548.25 769
549.25 769
253.75 770
254.75 770
255.75 770
544.75 770
545.75 770
256.25 771
257.25 771
258.25 771
540.25 771
541.25 771
542.25 771
543.25 771
544.25 771
258.75 772
259.75 772
260.75 772
261.75 772
538.75 772
539.75 772
540.75 772
262.25 773
263.25 773
533.25 773
534.25 773
535.25 773
536.25 773
537.25 773
538.25 773
263.75 774
264.75 774
265.75 774
266.75 774
268.75 774
269.75 774
532.75 774
533.75 774
535.75 774
267.25 775
268.25 775
269.25 775
528.25 775
529.25 775
530.25 775
531.25 775
532.25 775
533.25 775
269.75 776
270.75 776
271.75 776
272.75 776
527.75 776
528.75 776
529.75 776
273.25 777
274.25 777
275.25 777
524.25 777
525.25 777
526.25 777
527.25 777
275.75 778
276.75 778
277.75 778
278.75 778
521.75 778
522.75 778
523.75 778
279.25 779
280.25 779
281.25 779
514.25 779
515.25 779
518.25 779
519.25 779
520.25 779
521.25 779
281.75 780
282.75 780
283.75 780
284.75 780
515.75 780
516.75 780
517.75 780
285.25 781
286.25 781
287.25 781
288.25 781
289.25 781
511.25 781
512.25 781
513.25 781
514.25 781
515.25 781
288.75 782
289.75 782
290.75 782
291.75 782
292.75 782
508.75 782
509.75 782
510.75 782
292.25 783
501.25 783
504.25 783
505.25 783
506.25 783
507.25 783
508.25 783
500.75 784
501.75 784
502.75 784
503.75 784
492.25 785
496.25 785
497.25 785
498.25 785
499.25 785
500.25 785
492.75 786
493.75 786
494.75 786
495.75 786
488.25 787
489.25 787
490.25 787
491.25 787
492.25 787
484.75 788
485.75 788
486.75 788
487.75 788
484.25 789
