# size:1500 N:3500 eta:1
 712.25 3
713.25 3
714.25 3
715.25 3
716.25 3
717.25 3
718.25 3
719.25 3
720.25 3
721.25 3
722.25 3
723.25 3
724.25 3
725.25 3
726.25 3
727.25 3
728.25 3
729.25 3
730.25 3
731.25 3
732.25 3
733.25 3
734.25 3
735.25 3
736.25 3
737.25 3
738.25 3
739.25 3
740.25 3
741.25 3
742.25 3
743.25 3
744.25 3
745.25 3
746.25 3
747.25 3
748.25 3
749.25 3
750.25 3
751.25 3
752.25 3
753.25 3
754.25 3
755.25 3
756.25 3
757.25 3
758.25 3
759.25 3
760.25 3
761.25 3
762.25 3
763.25 3
764.25 3
765.25 3
766.25 3
767.25 3
768.25 3
769.25 3
770.25 3
771.25 3
772.25 3
773.25 3
774.25 3
775.25 3
776.25 3
777.25 3
778.25 3
779.25 3
780.25 3
781.25 3
782.25 3
783.25 3
784.25 3
785.25 3
786.25 3
787.25 3
788.25 3
695.75 4
696.75 4
697.75 4
698.75 4
699.75 4
700.75 4
701.75 4
702.75 4
703.75 4
704.75 4
705.75 4
706.75 4
707.75 4
708.75 4
709.75 4
710.75 4
711.75 4
713.75 4
714.75 4
715.75 4
716.75 4
722.75 4
723.75 4
724.75 4
725.75 4
726.75 4
728.75 4
732.75 4
733.75 4
735.75 4
738.75 4
743.75 4
746.75 4
747.75 4
751.75 4
754.75 4
757.75 4
758.75 4
759.75 4
760.75 4
763.75 4
773.75 4
774.75 4
777.75 4
786.75 4
788.75 4
789.75 4
790.75 4
791.75 4
792.75 4
793.75 4
794.75 4
795.75 4
796.75 4
797.75 4
798.75 4
799.75 4
800.75 4
801.75 4
802.75 4
803.75 4
684.25 5
685.25 5
686.25 5
687.25 5
688.25 5
689.25 5
690.25 5
691.25 5
692.25 5
693.25 5
694.25 5
695.25 5
696.25 5
700.25 5
804.25 5
805.25 5
806.25 5
807.25 5
808.25 5
809.25 5
810.25 5
811.25 5
812.25 5
813.25 5
814.25 5
815.25 5
816.25 5
672.75 6
673.75 6
674.75 6
675.75 6
676.75 6
677.75 6
678.75 6
679.75 6
680.75 6
681.75 6
682.75 6
683.75 6
700.75 6
805.75 6
810.75 6
811.75 6
812.75 6
815.75 6
816.75 6
817.75 6
818.75 6
819.75 6
820.75 6
821.75 6
822.75 6
823.75 6
824.75 6
825.75 6
826.75 6
664.25 7
665.25 7
666.25 7
667.25 7
668.25 7
669.25 7
670.25 7
671.25 7
672.25 7
673.25 7
674.25 7
677.25 7
678.25 7
679.25 7
681.25 7
700.25 7
827.25 7
828.25 7
829.25 7
830.25 7
831.25 7
832.25 7
833.25 7
834.25 7
835.25 7
836.25 7
655.75 8
656.75 8
657.75 8
658.75 8
659.75 8
660.75 8
661.75 8
662.75 8
663.75 8
700.75 8
827.75 8
828.75 8
829.75 8
833.75 8
836.75 8
837.75 8
838.75 8
839.75 8
840.75 8
841.75 8
842.75 8
843.75 8
648.25 9
649.25 9
650.25 9
651.25 9
652.25 9
653.25 9
654.25 9
655.25 9
656.25 9
662.25 9
663.25 9
700.25 9
844.25 9
845.25 9
846.25 9
847.25 9
848.25 9
849.25 9
850.25 9
851.25 9
852.25 9
640.75 10
641.75 10
642.75 10
643.75 10
644.75 10
645.75 10
646.75 10
647.75 10
700.75 10
850.75 10
851.75 10
852.75 10
853.75 10
854.75 10
855.75 10
856.75 10
857.75 10
858.75 10
635.25 11
636.25 11
637.25 11
638.25 11
639.25 11
640.25 11
647.25 11
701.25 11
859.25 11
860.25 11
861.25 11
862.25 11
863.25 11
864.25 11
865.25 11
628.75 12
629.75 12
630.75 12
631.75 12
632.75 12
633.75 12
635.75 12
699.75 12
700.75 12
701.75 12
864.75 12
865.75 12
866.75 12
867.75 12
868.75 12
869.75 12
870.75 12
623.25 13
624.25 13
625.25 13
626.25 13
627.25 13
628.25 13
629.25 13
630.25 13
632.25 13
633.25 13
634.25 13
635.25 13
701.25 13
871.25 13
872.25 13
873.25 13
874.25 13
875.25 13
876.25 13
877.25 13
616.75 14
617.75 14
618.75 14
619.75 14
620.75 14
621.75 14
622.75 14
700.75 14
871.75 14
874.75 14
875.75 14
876.75 14
877.75 14
878.75 14
879.75 14
880.75 14
881.75 14
882.75 14
612.25 15
613.25 15
614.25 15
615.25 15
616.25 15
618.25 15
619.25 15
620.25 15
700.25 15
883.25 15
884.25 15
885.25 15
886.25 15
887.25 15
888.25 15
605.75 16
606.75 16
607.75 16
608.75 16
609.75 16
610.75 16
611.75 16
699.75 16
883.75 16
884.75 16
887.75 16
888.75 16
889.75 16
890.75 16
891.75 16
892.75 16
893.75 16
601.25 17
602.25 17
603.25 17
604.25 17
605.25 17
606.25 17
607.25 17
608.25 17
611.25 17
700.25 17
894.25 17
895.25 17
896.25 17
897.25 17
898.25 17
899.25 17
596.75 18
597.75 18
598.75 18
599.75 18
601.75 18
602.75 18
699.75 18
894.75 18
895.75 18
897.75 18
899.75 18
900.75 18
901.75 18
902.75 18
592.25 19
593.25 19
594.25 19
595.25 19
596.25 19
599.25 19
600.25 19
601.25 19
699.25 19
894.25 19
903.25 19
904.25 19
905.25 19
906.25 19
907.25 19
908.25 19
586.75 20
587.75 20
588.75 20
589.75 20
590.75 20
591.75 20
598.75 20
699.75 20
904.75 20
905.75 20
907.75 20
908.75 20
909.75 20
910.75 20
911.75 20
912.75 20
583.25 21
584.25 21
585.25 21
586.25 21
590.25 21
591.25 21
598.25 21
699.25 21
913.25 21
914.25 21
915.25 21
916.25 21
917.25 21
578.75 22
579.75 22
580.75 22
581.75 22
582.75 22
698.75 22
915.75 22
917.75 22
918.75 22
919.75 22
920.75 22
575.25 23
576.25 23
577.25 23
578.25 23
579.25 23
581.25 23
699.25 23
921.25 23
922.25 23
923.25 23
924.25 23
925.25 23
569.75 24
570.75 24
571.75 24
572.75 24
573.75 24
575.75 24
699.75 24
922.75 24
925.75 24
926.75 24
927.75 24
928.75 24
929.75 24
566.25 25
567.25 25
568.25 25
569.25 25
574.25 25
575.25 25
700.25 25
930.25 25
931.25 25
932.25 25
933.25 25
934.25 25
562.75 26
563.75 26
564.75 26
565.75 26
699.75 26
932.75 26
934.75 26
935.75 26
936.75 26
559.25 27
560.25 27
561.25 27
562.25 27
563.25 27
564.25 27
699.25 27
937.25 27
938.25 27
939.25 27
940.25 27
941.25 27
554.75 28
555.75 28
556.75 28
557.75 28
558.75 28
698.75 28
937.75 28
938.75 28
941.75 28
942.75 28
943.75 28
944.75 28
551.25 29
552.25 29
553.25 29
554.25 29
555.25 29
558.25 29
698.25 29
945.25 29
946.25 29
947.25 29
948.25 29
949.25 29
547.75 30
548.75 30
549.75 30
550.75 30
697.75 30
949.75 30
950.75 30
951.75 30
544.25 31
545.25 31
546.25 31
547.25 31
548.25 31
697.25 31
699.25 31
952.25 31
953.25 31
954.25 31
955.25 31
956.25 31
540.75 32
541.75 32
542.75 32
543.75 32
697.75 32
698.75 32
952.75 32
953.75 32
956.75 32
957.75 32
958.75 32
537.25 33
538.25 33
539.25 33
540.25 33
542.25 33
698.25 33
959.25 33
960.25 33
961.25 33
962.25 33
963.25 33
533.75 34
534.75 34
535.75 34
538.75 34
698.75 34
701.75 34
960.75 34
963.75 34
964.75 34
965.75 34
531.25 35
532.25 35
533.25 35
534.25 35
535.25 35
536.25 35
537.25 35
538.25 35
699.25 35
700.25 35
701.25 35
966.25 35
967.25 35
968.25 35
969.25 35
527.75 36
528.75 36
529.75 36
530.75 36
701.75 36
702.75 36
967.75 36
968.75 36
969.75 36
970.75 36
971.75 36
524.25 37
525.25 37
526.25 37
527.25 37
703.25 37
972.25 37
973.25 37
974.25 37
975.25 37
976.25 37
520.75 38
521.75 38
522.75 38
523.75 38
525.75 38
703.75 38
704.75 38
972.75 38
976.75 38
977.75 38
978.75 38
518.25 39
519.25 39
520.25 39
522.25 39
523.25 39
699.25 39
700.25 39
701.25 39
702.25 39
703.25 39
979.25 39
980.25 39
981.25 39
982.25 39
514.75 40
515.75 40
516.75 40
517.75 40
703.75 40
980.75 40
981.75 40
982.75 40
983.75 40
984.75 40
512.25 41
513.25 41
514.25 41
515.25 41
517.25 41
703.25 41
985.25 41
986.25 41
987.25 41
988.25 41
508.75 42
509.75 42
510.75 42
511.75 42
703.75 42
985.75 42
986.75 42
987.75 42
988.75 42
989.75 42
990.75 42
506.25 43
507.25 43
508.25 43
509.25 43
511.25 43
704.25 43
991.25 43
992.25 43
993.25 43
994.25 43
502.75 44
503.75 44
504.75 44
505.75 44
703.75 44
991.75 44
992.75 44
993.75 44
994.75 44
995.75 44
996.75 44
501.25 45
502.25 45
503.25 45
504.25 45
505.25 45
703.25 45
704.25 45
997.25 45
998.25 45
999.25 45
497.75 46
498.75 46
499.75 46
500.75 46
704.75 46
999.75 46
1000.75 46
1001.75 46
495.25 47
496.25 47
497.25 47
704.25 47
1002.25 47
1003.25 47
1004.25 47
1005.25 47
491.75 48
492.75 48
493.75 48
495.75 48
704.75 48
705.75 48
1005.75 48
1006.75 48
1007.75 48
490.25 49
491.25 49
493.25 49
494.25 49
495.25 49
702.25 49
705.25 49
1008.25 49
1009.25 49
1010.25 49
486.75 50
487.75 50
488.75 50
490.75 50
702.75 50
703.75 50
704.75 50
1008.75 50
1009.75 50
1010.75 50
1011.75 50
1012.75 50
484.25 51
485.25 51
486.25 51
487.25 51
488.25 51
489.25 51
490.25 51
702.25 51
1013.25 51
1014.25 51
1015.25 51
1016.25 51
481.75 52
482.75 52
483.75 52
702.75 52
1014.75 52
1016.75 52
1017.75 52
479.25 53
480.25 53
481.25 53
702.25 53
1018.25 53
1019.25 53
1020.25 53
1021.25 53
475.75 54
476.75 54
477.75 54
479.75 54
701.75 54
1019.75 54
1021.75 54
1022.75 54
1023.75 54
474.25 55
475.25 55
476.25 55
477.25 55
478.25 55
479.25 55
701.25 55
1024.25 55
1025.25 55
1026.25 55
470.75 56
471.75 56
472.75 56
473.75 56
700.75 56
1025.75 56
1026.75 56
1027.75 56
1028.75 56
469.25 57
470.25 57
474.25 57
699.25 57
700.25 57
1029.25 57
1030.25 57
1031.25 57
466.75 58
467.75 58
468.75 58
698.75 58
1031.75 58
1032.75 58
464.25 59
465.25 59
466.25 59
467.25 59
698.25 59
1033.25 59
1034.25 59
1035.25 59
1036.25 59
461.75 60
462.75 60
463.75 60
696.75 60
697.75 60
1033.75 60
1034.75 60
1035.75 60
1036.75 60
1037.75 60
459.25 61
460.25 61
461.25 61
462.25 61
696.25 61
1038.25 61
1039.25 61
1040.25 61
1041.25 61
456.75 62
457.75 62
458.75 62
696.75 62
1038.75 62
1040.75 62
1041.75 62
1042.75 62
455.25 63
456.25 63
457.25 63
458.25 63
459.25 63
697.25 63
1043.25 63
1044.25 63
1045.25 63
451.75 64
452.75 64
453.75 64
454.75 64
696.75 64
1045.75 64
1046.75 64
1047.75 64
450.25 65
451.25 65
453.25 65
454.25 65
696.25 65
1048.25 65
1049.25 65
1050.25 65
447.75 66
448.75 66
449.75 66
695.75 66
1050.75 66
1051.75 66
446.25 67
447.25 67
448.25 67
449.25 67
695.25 67
1052.25 67
1053.25 67
1054.25 67
442.75 68
443.75 68
444.75 68
445.75 68
695.75 68
1054.75 68
1055.75 68
1056.75 68
441.25 69
442.25 69
445.25 69
695.25 69
1056.25 69
1057.25 69
1058.25 69
1059.25 69
438.75 70
439.75 70
440.75 70
444.75 70
695.75 70
1059.75 70
1060.75 70
437.25 71
438.25 71
444.25 71
695.25 71
1061.25 71
1062.25 71
1063.25 71
434.75 72
435.75 72
436.75 72
694.75 72
695.75 72
1061.75 72
1063.75 72
1064.75 72
432.25 73
433.25 73
434.25 73
435.25 73
436.25 73
695.25 73
1065.25 73
1066.25 73
1067.25 73
1068.25 73
429.75 74
430.75 74
431.75 74
432.75 74
694.75 74
1067.75 74
1068.75 74
1069.75 74
428.25 75
429.25 75
430.25 75
695.25 75
1070.25 75
1071.25 75
1072.25 75
425.75 76
426.75 76
427.75 76
695.75 76
1072.75 76
1073.75 76
424.25 77
425.25 77
695.25 77
1074.25 77
1075.25 77
1076.25 77
421.75 78
422.75 78
424.75 78
694.75 78
695.75 78
1074.75 78
1076.75 78
1077.75 78
420.25 79
421.25 79
422.25 79
423.25 79
424.25 79
696.25 79
1078.25 79
1079.25 79
1080.25 79
417.75 80
418.75 80
420.75 80
696.75 80
1078.75 80
1079.75 80
1080.75 80
1081.75 80
416.25 81
417.25 81
419.25 81
420.25 81
697.25 81
1082.25 81
1083.25 81
1084.25 81
413.75 82
414.75 82
415.75 82
697.75 82
698.75 82
1083.75 82
1084.75 82
1085.75 82
412.25 83
413.25 83
697.25 83
1085.25 83
1086.25 83
1087.25 83
1088.25 83
409.75 84
410.75 84
411.75 84
696.75 84
1086.75 84
1088.75 84
1089.75 84
408.25 85
409.25 85
410.25 85
411.25 85
696.25 85
1090.25 85
1091.25 85
1092.25 85
405.75 86
406.75 86
407.75 86
696.75 86
1090.75 86
1091.75 86
1092.75 86
1093.75 86
404.25 87
405.25 87
697.25 87
1094.25 87
1095.25 87
1096.25 87
401.75 88
402.75 88
403.75 88
405.75 88
697.75 88
698.75 88
699.75 88
700.75 88
1096.75 88
1097.75 88
400.25 89
401.25 89
402.25 89
403.25 89
405.25 89
697.25 89
700.25 89
1098.25 89
1099.25 89
1100.25 89
398.75 90
399.75 90
697.75 90
1098.75 90
1099.75 90
1100.75 90
397.25 91
398.25 91
399.25 91
698.25 91
1101.25 91
1102.25 91
1103.25 91
394.75 92
395.75 92
396.75 92
698.75 92
1101.75 92
1102.75 92
1103.75 92
1104.75 92
393.25 93
394.25 93
697.25 93
698.25 93
1105.25 93
1106.25 93
1107.25 93
390.75 94
391.75 94
392.75 94
698.75 94
1105.75 94
1106.75 94
1107.75 94
1108.75 94
389.25 95
390.25 95
391.25 95
392.25 95
698.25 95
1109.25 95
1110.25 95
1111.25 95
386.75 96
387.75 96
388.75 96
698.75 96
1111.75 96
1112.75 96
386.25 97
387.25 97
388.25 97
698.25 97
1113.25 97
1114.25 97
383.75 98
384.75 98
386.75 98
698.75 98
1113.75 98
1114.75 98
1115.75 98
382.25 99
383.25 99
385.25 99
386.25 99
698.25 99
1116.25 99
1117.25 99
1118.25 99
379.75 100
380.75 100
381.75 100
698.75 100
1118.75 100
1119.75 100
379.25 101
698.25 101
1120.25 101
1121.25 101
376.75 102
377.75 102
378.75 102
697.75 102
1121.75 102
1122.75 102
375.25 103
376.25 103
378.25 103
697.25 103
1123.25 103
1124.25 103
1125.25 103
372.75 104
373.75 104
374.75 104
697.75 104
1124.75 104
1125.75 104
1126.75 104
372.25 105
373.25 105
696.25 105
697.25 105
1127.25 105
1128.25 105
369.75 106
370.75 106
371.75 106
697.75 106
1128.75 106
1129.75 106
368.25 107
369.25 107
370.25 107
697.25 107
1130.25 107
1131.25 107
1132.25 107
366.75 108
367.75 108
697.75 108
1131.75 108
1132.75 108
365.25 109
366.25 109
367.25 109
697.25 109
1133.25 109
1134.25 109
1135.25 109
362.75 110
363.75 110
364.75 110
697.75 110
1135.75 110
1136.75 110
362.25 111
363.25 111
697.25 111
1137.25 111
1138.25 111
359.75 112
360.75 112
362.75 112
696.75 112
1138.75 112
1139.75 112
358.25 113
359.25 113
361.25 113
362.25 113
696.25 113
1140.25 113
1141.25 113
1142.25 113
356.75 114
358.75 114
361.75 114
695.75 114
1142.75 114
355.25 115
356.25 115
357.25 115
358.25 115
686.25 115
687.25 115
688.25 115
689.25 115
690.25 115
691.25 115
692.25 115
693.25 115
695.25 115
1143.25 115
1144.25 115
1145.25 115
353.75 116
354.75 116
693.75 116
694.75 116
1145.75 116
352.25 117
353.25 117
354.25 117
695.25 117
1146.25 117
1147.25 117
1148.25 117
349.75 118
350.75 118
351.75 118
695.75 118
1146.75 118
1147.75 118
1148.75 118
1149.75 118
349.25 119
695.25 119
1150.25 119
1151.25 119
346.75 120
347.75 120
349.75 120
694.75 120
1151.75 120
1152.75 120
346.25 121
348.25 121
349.25 121
695.25 121
1153.25 121
1154.25 121
343.75 122
344.75 122
346.75 122
695.75 122
1153.75 122
1154.75 122
1155.75 122
343.25 123
344.25 123
345.25 123
346.25 123
347.25 123
695.25 123
1156.25 123
1157.25 123
340.75 124
341.75 124
342.75 124
695.75 124
1156.75 124
1157.75 124
1158.75 124
340.25 125
341.25 125
696.25 125
1159.25 125
1160.25 125
337.75 126
338.75 126
339.75 126
695.75 126
698.75 126
1160.75 126
1161.75 126
337.25 127
338.25 127
339.25 127
696.25 127
698.25 127
1162.25 127
1163.25 127
334.75 128
335.75 128
336.75 128
696.75 128
698.75 128
1163.75 128
1164.75 128
334.25 129
335.25 129
336.25 129
697.25 129
698.25 129
1165.25 129
1166.25 129
331.75 130
332.75 130
335.75 130
697.75 130
1166.75 130
1167.75 130
331.25 131
332.25 131
333.25 131
334.25 131
335.25 131
698.25 131
1168.25 131
1169.25 131
328.75 132
329.75 132
330.75 132
698.75 132
1168.75 132
1169.75 132
1170.75 132
328.25 133
698.25 133
1171.25 133
1172.25 133
325.75 134
326.75 134
327.75 134
698.75 134
1172.75 134
1173.75 134
325.25 135
326.25 135
327.25 135
698.25 135
1174.25 135
1175.25 135
322.75 136
323.75 136
324.75 136
698.75 136
1174.75 136
1175.75 136
1176.75 136
322.25 137
698.25 137
1177.25 137
1178.25 137
319.75 138
320.75 138
321.75 138
697.75 138
698.75 138
1178.75 138
1179.75 138
319.25 139
320.25 139
697.25 139
1180.25 139
1181.25 139
317.75 140
319.75 140
696.75 140
1180.75 140
1181.75 140
316.25 141
317.25 141
318.25 141
319.25 141
696.25 141
1182.25 141
1183.25 141
1184.25 141
314.75 142
315.75 142
695.75 142
1183.75 142
1184.75 142
313.25 143
314.25 143
315.25 143
695.25 143
1184.25 143
1185.25 143
1186.25 143
1187.25 143
311.75 144
312.75 144
695.75 144
1187.75 144
311.25 145
312.25 145
695.25 145
1188.25 145
1189.25 145
308.75 146
309.75 146
311.75 146
694.75 146
1189.75 146
1190.75 146
308.25 147
309.25 147
310.25 147
311.25 147
694.25 147
695.25 147
1191.25 147
1192.25 147
306.75 148
307.75 148
695.75 148
1191.75 148
1192.75 148
305.25 149
306.25 149
307.25 149
694.25 149
695.25 149
1193.25 149
1194.25 149
1195.25 149
303.75 150
304.75 150
306.75 150
695.75 150
1195.75 150
303.25 151
696.25 151
1196.25 151
1197.25 151
300.75 152
301.75 152
303.75 152
696.75 152
1196.75 152
1197.75 152
1198.75 152
300.25 153
301.25 153
302.25 153
303.25 153
696.25 153
1199.25 153
1200.25 153
298.75 154
299.75 154
693.75 154
694.75 154
695.75 154
1199.75 154
1200.75 154
297.25 155
298.25 155
693.25 155
696.25 155
1201.25 155
1202.25 155
1203.25 155
295.75 156
296.75 156
696.75 156
1201.75 156
1202.75 156
1203.75 156
295.25 157
296.25 157
696.25 157
1204.25 157
1205.25 157
292.75 158
293.75 158
295.75 158
695.75 158
696.75 158
1205.75 158
1206.75 158
292.25 159
293.25 159
294.25 159
295.25 159
693.25 159
694.25 159
695.25 159
1207.25 159
1208.25 159
290.75 160
291.75 160
695.75 160
1208.75 160
289.25 161
290.25 161
695.25 161
1209.25 161
1210.25 161
1211.25 161
287.75 162
289.75 162
695.75 162
1209.75 162
1211.75 162
287.25 163
288.25 163
289.25 163
696.25 163
1209.25 163
1212.25 163
1213.25 163
285.75 164
286.75 164
696.75 164
1213.75 164
284.25 165
285.25 165
696.25 165
1213.25 165
1215.25 165
1216.25 165
282.75 166
283.75 166
695.75 166
1213.75 166
1214.75 166
1215.75 166
1216.75 166
282.25 167
695.25 167
1216.25 167
1218.25 167
280.75 168
281.75 168
695.75 168
1216.75 168
1217.75 168
1218.75 168
279.25 169
280.25 169
281.25 169
696.25 169
1219.25 169
1220.25 169
1221.25 169
277.75 170
278.75 170
696.75 170
1221.75 170
277.25 171
697.25 171
1222.25 171
1223.25 171
275.75 172
277.75 172
697.75 172
1223.75 172
275.25 173
276.25 173
277.25 173
698.25 173
1224.25 173
1225.25 173
272.75 174
273.75 174
274.75 174
697.75 174
1225.75 174
1226.75 174
272.25 175
273.25 175
274.25 175
697.25 175
1227.25 175
1228.25 175
270.75 176
271.75 176
697.75 176
1228.75 176
270.25 177
271.25 177
698.25 177
1229.25 177
1230.25 177
268.75 178
269.75 178
697.75 178
1230.75 178
267.25 179
268.25 179
269.25 179
697.25 179
1231.25 179
1232.25 179
1233.25 179
265.75 180
267.75 180
697.75 180
1232.75 180
1233.75 180
265.25 181
266.25 181
267.25 181
697.25 181
698.25 181
1234.25 181
1235.25 181
263.75 182
264.75 182
698.75 182
1235.75 182
263.25 183
699.25 183
700.25 183
1235.25 183
1237.25 183
260.75 184
261.75 184
262.75 184
700.75 184
1235.75 184
1236.75 184
1237.75 184
1238.75 184
260.25 185
701.25 185
1238.25 185
1240.25 185
258.75 186
259.75 186
701.75 186
1238.75 186
1239.75 186
1240.75 186
258.25 187
259.25 187
702.25 187
1241.25 187
1242.25 187
256.75 188
257.75 188
258.75 188
702.75 188
1242.75 188
256.25 189
702.25 189
1243.25 189
1244.25 189
254.75 190
255.75 190
700.75 190
701.75 190
1243.75 190
1244.75 190
253.25 191
254.25 191
697.25 191
699.25 191
700.25 191
1245.25 191
1246.25 191
1247.25 191
251.75 192
252.75 192
697.75 192
698.75 192
1244.75 192
1245.75 192
1246.75 192
1247.75 192
251.25 193
699.25 193
1248.25 193
1249.25 193
249.75 194
250.75 194
699.75 194
1249.75 194
249.25 195
699.25 195
1249.25 195
1251.25 195
247.75 196
248.75 196
698.75 196
1249.75 196
1250.75 196
1251.75 196
247.25 197
698.25 197
1252.25 197
1253.25 197
245.75 198
246.75 198
698.75 198
1253.75 198
245.25 199
246.25 199
698.25 199
1254.25 199
1255.25 199
243.75 200
244.75 200
697.75 200
698.75 200
1255.75 200
242.25 201
243.25 201
697.25 201
1256.25 201
1257.25 201
1258.25 201
240.75 202
241.75 202
697.75 202
1258.75 202
240.25 203
696.25 203
697.25 203
1259.25 203
1260.25 203
238.75 204
239.75 204
696.75 204
1260.75 204
238.25 205
696.25 205
1261.25 205
1262.25 205
236.75 206
238.75 206
696.75 206
1261.75 206
1262.75 206
236.25 207
237.25 207
238.25 207
697.25 207
1263.25 207
1264.25 207
234.75 208
235.75 208
696.75 208
1264.75 208
234.25 209
235.25 209
697.25 209
1265.25 209
1266.25 209
232.75 210
233.75 210
697.75 210
698.75 210
1266.75 210
232.25 211
697.25 211
1266.25 211
1268.25 211
230.75 212
232.75 212
696.75 212
1266.75 212
1267.75 212
1268.75 212
230.25 213
231.25 213
232.25 213
697.25 213
1269.25 213
1270.25 213
228.75 214
229.75 214
696.75 214
1269.75 214
1270.75 214
228.25 215
696.25 215
1270.25 215
1272.25 215
226.75 216
227.75 216
696.75 216
1270.75 216
1271.75 216
1272.75 216
226.25 217
696.25 217
1273.25 217
1274.25 217
224.75 218
225.75 218
696.75 218
1274.75 218
224.25 219
225.25 219
696.25 219
697.25 219
1275.25 219
1276.25 219
222.75 220
223.75 220
697.75 220
1276.75 220
222.25 221
223.25 221
698.25 221
699.25 221
1277.25 221
1278.25 221
220.75 222
221.75 222
697.75 222
699.75 222
700.75 222
1277.75 222
1278.75 222
220.25 223
221.25 223
697.25 223
1279.25 223
1280.25 223
218.75 224
219.75 224
696.75 224
1279.75 224
1280.75 224
218.25 225
219.25 225
696.25 225
1281.25 225
1282.25 225
216.75 226
217.75 226
695.75 226
1282.75 226
216.25 227
696.25 227
1282.25 227
1284.25 227
214.75 228
215.75 228
695.75 228
1282.75 228
1283.75 228
1284.75 228
214.25 229
215.25 229
695.25 229
1285.25 229
1286.25 229
212.75 230
214.75 230
695.75 230
696.75 230
1285.75 230
1286.75 230
212.25 231
213.25 231
214.25 231
695.25 231
1287.25 231
1288.25 231
210.75 232
211.75 232
695.75 232
1287.75 232
1288.75 232
210.25 233
211.25 233
695.25 233
1289.25 233
1290.25 233
208.75 234
209.75 234
695.75 234
1290.75 234
208.25 235
209.25 235
693.25 235
696.25 235
1291.25 235
1292.25 235
206.75 236
207.75 236
693.75 236
694.75 236
695.75 236
1291.75 236
1292.75 236
206.25 237
207.25 237
692.25 237
693.25 237
1293.25 237
1294.25 237
204.75 238
205.75 238
693.75 238
1294.75 238
204.25 239
205.25 239
692.25 239
693.25 239
1295.25 239
1296.25 239
202.75 240
203.75 240
691.75 240
1296.75 240
202.25 241
692.25 241
693.25 241
1297.25 241
1298.25 241
200.75 242
201.75 242
693.75 242
1298.75 242
201.25 243
694.25 243
1299.25 243
199.75 244
200.75 244
694.75 244
695.75 244
1299.75 244
199.25 245
200.25 245
695.25 245
1300.25 245
1301.25 245
197.75 246
198.75 246
695.75 246
696.75 246
697.75 246
1301.75 246
197.25 247
198.25 247
698.25 247
1301.25 247
1303.25 247
195.75 248
196.75 248
697.75 248
698.75 248
1301.75 248
1302.75 248
1303.75 248
195.25 249
699.25 249
1303.25 249
1305.25 249
193.75 250
195.75 250
699.75 250
1303.75 250
1304.75 250
1305.75 250
193.25 251
194.25 251
195.25 251
700.25 251
1306.25 251
1307.25 251
191.75 252
192.75 252
700.75 252
1306.75 252
1307.75 252
191.25 253
192.25 253
700.25 253
701.25 253
1307.25 253
1309.25 253
190.75 254
699.75 254
1307.75 254
1308.75 254
190.25 255
699.25 255
1309.25 255
1310.25 255
188.75 256
189.75 256
698.75 256
1310.75 256
188.25 257
699.25 257
1310.25 257
1312.25 257
186.75 258
187.75 258
698.75 258
1310.75 258
1311.75 258
1312.75 258
186.25 259
187.25 259
698.25 259
1313.25 259
1314.25 259
184.75 260
185.75 260
697.75 260
1313.75 260
1314.75 260
184.25 261
185.25 261
696.25 261
697.25 261
1315.25 261
1316.25 261
183.75 262
696.75 262
1315.75 262
183.25 263
697.25 263
1316.25 263
1317.25 263
181.75 264
183.75 264
697.75 264
1316.75 264
1317.75 264
181.25 265
183.25 265
697.25 265
1318.25 265
1319.25 265
179.75 266
181.75 266
182.75 266
697.75 266
1319.75 266
179.25 267
180.25 267
181.25 267
698.25 267
1320.25 267
1321.25 267
178.75 268
181.75 268
697.75 268
1320.75 268
178.25 269
698.25 269
1321.25 269
1322.25 269
176.75 270
177.75 270
697.75 270
1321.75 270
1322.75 270
176.25 271
177.25 271
696.25 271
697.25 271
1323.25 271
1324.25 271
174.75 272
177.75 272
697.75 272
1324.75 272
174.25 273
175.25 273
176.25 273
177.25 273
698.25 273
1325.25 273
1326.25 273
173.75 274
177.75 274
698.75 274
1325.75 274
173.25 275
174.25 275
698.25 275
1326.25 275
1327.25 275
171.75 276
172.75 276
697.75 276
1327.75 276
171.25 277
698.25 277
1328.25 277
1329.25 277
169.75 278
171.75 278
698.75 278
1328.75 278
1329.75 278
169.25 279
170.25 279
171.25 279
699.25 279
1330.25 279
1331.25 279
168.75 280
170.75 280
699.75 280
1330.75 280
168.25 281
699.25 281
1331.25 281
1332.25 281
166.75 282
167.75 282
699.75 282
700.75 282
1331.75 282
1332.75 282
166.25 283
167.25 283
699.25 283
1333.25 283
1334.25 283
164.75 284
165.75 284
698.75 284
1332.75 284
1334.75 284
165.25 285
698.25 285
1335.25 285
163.75 286
164.75 286
165.75 286
698.75 286
1335.75 286
163.25 287
698.25 287
1336.25 287
1337.25 287
161.75 288
162.75 288
697.75 288
1337.75 288
161.25 289
162.25 289
697.25 289
1338.25 289
1339.25 289
160.75 290
162.75 290
696.75 290
1338.75 290
160.25 291
697.25 291
698.25 291
1339.25 291
1340.25 291
158.75 292
159.75 292
696.75 292
1339.75 292
1340.75 292
158.25 293
159.25 293
696.25 293
1341.25 293
1342.25 293
157.75 294
696.75 294
1341.75 294
157.25 295
697.25 295
1342.25 295
1343.25 295
155.75 296
156.75 296
697.75 296
1342.75 296
1343.75 296
155.25 297
156.25 297
698.25 297
1344.25 297
1345.25 297
154.75 298
698.75 298
1344.75 298
154.25 299
698.25 299
1344.25 299
1346.25 299
152.75 300
153.75 300
698.75 300
1344.75 300
1345.75 300
1346.75 300
152.25 301
153.25 301
698.25 301
1347.25 301
1348.25 301
151.75 302
152.75 302
698.75 302
1347.75 302
151.25 303
698.25 303
1348.25 303
1349.25 303
149.75 304
151.75 304
697.75 304
1348.75 304
1349.75 304
149.25 305
150.25 305
151.25 305
152.25 305
698.25 305
1350.25 305
1351.25 305
148.75 306
698.75 306
1350.75 306
148.25 307
699.25 307
1350.25 307
1352.25 307
146.75 308
147.75 308
698.75 308
1350.75 308
1351.75 308
1352.75 308
146.25 309
147.25 309
696.25 309
697.25 309
698.25 309
1353.25 309
1354.25 309
145.75 310
698.75 310
1353.75 310
145.25 311
698.25 311
1354.25 311
1355.25 311
143.75 312
144.75 312
698.75 312
1354.75 312
1355.75 312
143.25 313
144.25 313
699.25 313
1356.25 313
1357.25 313
142.75 314
699.75 314
1356.75 314
142.25 315
699.25 315
1357.25 315
1358.25 315
140.75 316
141.75 316
699.75 316
1358.75 316
141.25 317
142.25 317
698.25 317
699.25 317
1359.25 317
139.75 318
140.75 318
141.75 318
698.75 318
1359.75 318
139.25 319
140.25 319
698.25 319
1359.25 319
1361.25 319
137.75 320
139.75 320
698.75 320
699.75 320
1359.75 320
1360.75 320
1361.75 320
138.25 321
139.25 321
698.25 321
1362.25 321
136.75 322
137.75 322
697.75 322
1362.75 322
136.25 323
137.25 323
698.25 323
1363.25 323
1364.25 323
135.75 324
698.75 324
1363.75 324
135.25 325
699.25 325
1364.25 325
1365.25 325
133.75 326
134.75 326
699.75 326
1364.75 326
1365.75 326
134.25 327
699.25 327
1366.25 327
132.75 328
133.75 328
134.75 328
699.75 328
1366.75 328
132.25 329
133.25 329
699.25 329
1366.25 329
1368.25 329
131.75 330
698.75 330
1366.75 330
1367.75 330
131.25 331
698.25 331
1368.25 331
1369.25 331
129.75 332
130.75 332
698.75 332
1367.75 332
1368.75 332
1369.75 332
130.25 333
699.25 333
1370.25 333
128.75 334
129.75 334
699.75 334
1370.75 334
128.25 335
699.25 335
1371.25 335
1372.25 335
127.75 336
128.75 336
699.75 336
1371.75 336
127.25 337
128.25 337
700.25 337
1372.25 337
1373.25 337
125.75 338
127.75 338
700.75 338
1373.75 338
126.25 339
127.25 339
699.25 339
700.25 339
1374.25 339
124.75 340
125.75 340
698.75 340
1374.75 340
124.25 341
698.25 341
1375.25 341
1376.25 341
123.75 342
698.75 342
1375.75 342
123.25 343
698.25 343
1376.25 343
1377.25 343
121.75 344
122.75 344
698.75 344
1377.75 344
122.25 345
698.25 345
699.25 345
1378.25 345
120.75 346
121.75 346
699.75 346
1378.75 346
120.25 347
700.25 347
1379.25 347
1380.25 347
119.75 348
699.75 348
1379.75 348
119.25 349
699.25 349
1380.25 349
1381.25 349
117.75 350
118.75 350
699.75 350
1381.75 350
118.25 351
700.25 351
1382.25 351
116.75 352
118.75 352
700.75 352
701.75 352
1382.75 352
117.25 353
118.25 353
700.25 353
1383.25 353
115.75 354
117.75 354
699.75 354
1383.75 354
115.25 355
116.25 355
117.25 355
700.25 355
1384.25 355
1385.25 355
114.75 356
115.75 356
700.75 356
1384.75 356
114.25 357
699.25 357
700.25 357
1385.25 357
1386.25 357
112.75 358
113.75 358
114.75 358
698.75 358
1386.75 358
113.25 359
698.25 359
1386.25 359
1387.25 359
111.75 360
113.75 360
698.75 360
1386.75 360
1387.75 360
112.25 361
113.25 361
698.25 361
1388.25 361
110.75 362
111.75 362
698.75 362
1388.75 362
110.25 363
698.25 363
1389.25 363
1390.25 363
109.75 364
698.75 364
1389.75 364
109.25 365
698.25 365
1390.25 365
1391.25 365
108.75 366
109.75 366
698.75 366
1390.75 366
108.25 367
109.25 367
699.25 367
1390.25 367
1392.25 367
106.75 368
107.75 368
109.75 368
698.75 368
699.75 368
1390.75 368
1391.75 368
1392.75 368
107.25 369
700.25 369
1393.25 369
105.75 370
107.75 370
700.75 370
701.75 370
1393.75 370
106.25 371
107.25 371
700.25 371
1394.25 371
104.75 372
106.75 372
699.75 372
1394.75 372
104.25 373
105.25 373
106.25 373
699.25 373
1394.25 373
1396.25 373
103.75 374
699.75 374
700.75 374
701.75 374
1394.75 374
1395.75 374
103.25 375
678.25 375
679.25 375
680.25 375
699.25 375
1396.25 375
1397.25 375
102.75 376
680.75 376
698.75 376
1396.75 376
102.25 377
679.25 377
680.25 377
681.25 377
682.25 377
699.25 377
1396.25 377
1398.25 377
101.75 378
682.75 378
699.75 378
700.75 378
1395.75 378
1397.75 378
101.25 379
682.25 379
683.25 379
684.25 379
685.25 379
699.25 379
1396.25 379
1397.25 379
1398.25 379
1399.25 379
99.75 380
100.75 380
685.75 380
699.75 380
1396.75 380
1399.75 380
100.25 381
686.25 381
687.25 381
699.25 381
1400.25 381
98.75 382
99.75 382
687.75 382
698.75 382
1400.75 382
99.25 383
687.25 383
698.25 383
1400.25 383
1401.25 383
97.75 384
98.75 384
687.75 384
698.75 384
1400.75 384
1401.75 384
98.25 385
687.25 385
688.25 385
698.25 385
1402.25 385
96.75 386
97.75 386
688.75 386
698.75 386
699.75 386
1402.75 386
96.25 387
97.25 387
688.25 387
699.25 387
1403.25 387
1404.25 387
95.75 388
96.75 388
688.75 388
697.75 388
698.75 388
1403.75 388
95.25 389
96.25 389
689.25 389
697.25 389
1404.25 389
1405.25 389
94.75 390
689.75 390
697.75 390
1404.75 390
94.25 391
690.25 391
691.25 391
692.25 391
697.25 391
1405.25 391
1406.25 391
93.75 392
692.75 392
696.75 392
1405.75 392
93.25 393
693.25 393
694.25 393
695.25 393
696.25 393
1406.25 393
1407.25 393
92.75 394
93.75 394
696.75 394
697.75 394
1406.75 394
92.25 395
93.25 395
698.25 395
1407.25 395
1408.25 395
91.75 396
93.75 396
698.75 396
1407.75 396
91.25 397
697.25 397
698.25 397
1408.25 397
1409.25 397
90.75 398
91.75 398
698.75 398
701.75 398
1408.75 398
90.25 399
699.25 399
700.25 399
701.25 399
1409.25 399
1410.25 399
88.75 400
90.75 400
701.75 400
1409.75 400
1410.75 400
89.25 401
90.25 401
702.25 401
703.25 401
1411.25 401
87.75 402
88.75 402
703.75 402
1411.75 402
88.25 403
703.25 403
1411.25 403
86.75 404
87.75 404
703.75 404
704.75 404
1411.75 404
1412.75 404
87.25 405
703.25 405
705.25 405
1413.25 405
85.75 406
86.75 406
705.75 406
1413.75 406
86.25 407
706.25 407
1414.25 407
84.75 408
85.75 408
86.75 408
706.75 408
1414.75 408
85.25 409
706.25 409
1415.25 409
83.75 410
84.75 410
706.75 410
1415.75 410
84.25 411
706.25 411
1415.25 411
82.75 412
83.75 412
705.75 412
1415.75 412
1416.75 412
83.25 413
705.25 413
1417.25 413
81.75 414
82.75 414
704.75 414
1417.75 414
82.25 415
703.25 415
704.25 415
1418.25 415
80.75 416
82.75 416
704.75 416
1418.75 416
81.25 417
82.25 417
705.25 417
1419.25 417
79.75 418
80.75 418
705.75 418
1419.75 418
80.25 419
705.25 419
1420.25 419
78.75 420
79.75 420
705.75 420
1420.75 420
79.25 421
705.25 421
1421.25 421
77.75 422
78.75 422
705.75 422
1421.75 422
78.25 423
705.25 423
1421.25 423
1422.25 423
76.75 424
77.75 424
705.75 424
1420.75 424
1422.75 424
77.25 425
706.25 425
1421.25 425
1423.25 425
75.75 426
76.75 426
706.75 426
1423.75 426
76.25 427
706.25 427
1424.25 427
74.75 428
75.75 428
705.75 428
1424.75 428
75.25 429
76.25 429
705.25 429
706.25 429
707.25 429
708.25 429
1425.25 429
73.75 430
75.75 430
708.75 430
709.75 430
1425.75 430
74.25 431
75.25 431
708.25 431
1426.25 431
72.75 432
73.75 432
707.75 432
1426.75 432
73.25 433
708.25 433
1427.25 433
73.75 434
708.75 434
1426.75 434
72.25 435
73.25 435
74.25 435
708.25 435
1426.25 435
1428.25 435
71.75 436
707.75 436
708.75 436
1426.75 436
1427.75 436
71.25 437
72.25 437
708.25 437
1428.25 437
1429.25 437
70.75 438
708.75 438
709.75 438
1428.75 438
70.25 439
709.25 439
1429.25 439
1430.25 439
69.75 440
708.75 440
1429.75 440
69.25 441
708.25 441
1429.25 441
1431.25 441
68.75 442
708.75 442
1429.75 442
1430.75 442
68.25 443
709.25 443
710.25 443
1431.25 443
1432.25 443
67.75 444
710.75 444
1431.75 444
68.25 445
710.25 445
1432.25 445
66.75 446
67.75 446
709.75 446
1432.75 446
67.25 447
709.25 447
1433.25 447
65.75 448
66.75 448
709.75 448
1433.75 448
66.25 449
710.25 449
711.25 449
1434.25 449
64.75 450
65.75 450
711.75 450
712.75 450
1434.75 450
65.25 451
711.25 451
712.25 451
1435.25 451
63.75 452
64.75 452
710.75 452
1435.75 452
64.25 453
710.25 453
1436.25 453
63.75 454
709.75 454
1435.75 454
63.25 455
709.25 455
1436.25 455
1437.25 455
62.75 456
708.75 456
1436.75 456
62.25 457
709.25 457
1437.25 457
1438.25 457
61.75 458
62.75 458
709.75 458
1437.75 458
61.25 459
62.25 459
709.25 459
1437.25 459
1439.25 459
60.75 460
709.75 460
1437.75 460
1438.75 460
61.25 461
710.25 461
1439.25 461
59.75 462
61.75 462
710.75 462
1439.75 462
60.25 463
61.25 463
711.25 463
1440.25 463
58.75 464
59.75 464
711.75 464
1440.75 464
59.25 465
711.25 465
1441.25 465
58.75 466
710.75 466
1440.75 466
58.25 467
711.25 467
1441.25 467
1442.25 467
57.75 468
709.75 468
710.75 468
1441.75 468
57.25 469
710.25 469
1441.25 469
1443.25 469
56.75 470
708.75 470
709.75 470
1441.75 470
1442.75 470
56.25 471
708.25 471
1443.25 471
1444.25 471
55.75 472
707.75 472
708.75 472
1443.75 472
56.25 473
707.25 473
1444.25 473
54.75 474
55.75 474
706.75 474
1444.75 474
55.25 475
56.25 475
706.25 475
1445.25 475
53.75 476
56.75 476
706.75 476
1445.75 476
54.25 477
55.25 477
56.25 477
706.25 477
1445.25 477
1446.25 477
53.75 478
705.75 478
1445.75 478
53.25 479
705.25 479
1446.25 479
1447.25 479
52.75 480
705.75 480
1446.75 480
53.25 481
705.25 481
1446.25 481
51.75 482
53.75 482
704.75 482
1446.75 482
1447.75 482
52.25 483
53.25 483
705.25 483
1448.25 483
50.75 484
51.75 484
705.75 484
1448.75 484
51.25 485
705.25 485
1448.25 485
1449.25 485
50.75 486
703.75 486
704.75 486
1448.75 486
50.25 487
703.25 487
1449.25 487
1450.25 487
50.75 488
701.75 488
702.75 488
1449.75 488
50.25 489
701.25 489
1450.25 489
701.75 490
1450.75 490
702.25 491
1451.25 491
702.75 492
1451.75 492
698.25 493
699.25 493
700.25 493
701.25 493
702.25 493
1452.25 493
702.75 494
1451.75 494
703.25 495
1452.25 495
1453.25 495
703.75 496
1452.75 496
703.25 497
1453.25 497
703.75 498
1453.75 498
703.25 499
1454.25 499
703.75 500
1453.75 500
703.25 501
1453.25 501
1455.25 501
703.75 502
1453.75 502
1454.75 502
703.25 503
704.25 503
1455.25 503
1456.25 503
704.75 504
1455.75 504
704.25 505
1456.25 505
703.75 506
1456.75 506
703.25 507
1457.25 507
702.75 508
1456.75 508
701.25 509
702.25 509
1457.25 509
1458.25 509
701.75 510
1457.75 510
701.25 511
1458.25 511
700.75 512
1457.75 512
1458.75 512
700.25 513
1459.25 513
699.75 514
1458.75 514
699.25 515
1458.25 515
1460.25 515
697.75 516
699.75 516
1458.75 516
1459.75 516
698.25 517
699.25 517
1460.25 517
699.75 518
1460.75 518
700.25 519
1461.25 519
698.75 520
699.75 520
1460.75 520
700.25 521
1461.25 521
1462.25 521
699.75 522
700.75 522
702.75 522
1461.75 522
701.25 523
702.25 523
1462.25 523
702.75 524
1462.75 524
702.25 525
1462.25 525
702.75 526
1462.75 526
702.25 527
703.25 527
1463.25 527
703.75 528
704.75 528
1463.75 528
705.25 529
1463.25 529
1464.25 529
705.75 530
706.75 530
1463.75 530
706.25 531
1464.25 531
1465.25 531
705.75 532
1464.75 532
706.25 533
1465.25 533
705.75 534
1465.75 534
706.25 535
707.25 535
1465.25 535
1466.25 535
707.75 536
1465.75 536
708.25 537
1466.25 537
1467.25 537
708.75 538
709.75 538
1466.75 538
709.25 539
1467.25 539
708.75 540
1466.75 540
709.25 541
1465.25 541
1466.25 541
1468.25 541
709.75 542
1465.75 542
1466.75 542
1467.75 542
709.25 543
1468.25 543
709.75 544
1468.75 544
710.25 545
1469.25 545
709.75 546
1468.75 546
709.25 547
710.25 547
711.25 547
1468.25 547
711.75 548
1468.75 548
1469.75 548
711.25 549
1468.25 549
711.75 550
1468.75 550
712.25 551
1469.25 551
1470.25 551
711.75 552
1470.75 552
711.25 553
711.75 554
711.25 555
711.75 556
709.25 557
710.25 557
711.25 557
711.75 558
712.75 558
711.25 559
710.75 560
710.25 561
709.75 562
709.25 563
709.75 564
709.25 565
709.75 566
710.25 567
710.75 568
711.25 569
712.25 569
711.75 570
711.25 571
711.75 572
709.25 573
710.25 573
711.25 573
711.75 574
712.75 574
713.75 574
711.25 575
710.75 576
711.25 577
710.75 578
710.25 579
709.75 580
709.25 581
709.75 582
710.75 582
710.25 583
709.75 584
709.25 585
709.75 586
711.75 586
710.25 587
711.25 587
711.75 588
711.25 589
710.75 590
710.25 591
710.75 592
710.25 593
710.75 594
711.25 595
711.75 596
712.25 597
711.75 598
712.25 599
712.75 600
712.25 601
711.75 602
712.75 602
711.25 603
711.75 604
711.25 605
710.75 606
710.25 607
709.75 608
709.25 609
710.25 609
711.25 609
712.25 609
711.75 610
711.25 611
712.25 611
712.75 612
713.25 613
713.75 614
714.25 615
714.75 616
714.25 617
714.75 618
715.25 619
715.75 620
716.25 621
716.75 622
717.75 622
716.25 623
715.75 624
715.25 625
714.75 626
715.75 626
716.75 626
713.25 627
714.25 627
716.25 627
716.75 628
717.25 629
717.75 630
718.25 631
719.25 631
718.75 632
719.25 633
718.75 634
719.25 635
719.75 636
720.25 637
720.75 638
721.25 639
721.75 640
722.25 641
723.25 641
723.75 642
723.25 643
722.75 644
722.25 645
720.75 646
722.75 646
721.25 647
722.25 647
721.75 648
722.25 649
722.75 650
722.25 651
721.75 652
722.25 653
722.75 654
723.75 654
724.25 655
723.75 656
723.25 657
722.75 658
723.25 659
723.75 660
722.25 661
723.25 661
721.75 662
721.25 663
722.25 663
723.25 663
724.25 663
723.75 664
722.25 665
723.25 665
724.25 665
724.75 666
725.25 667
724.75 668
723.25 669
724.25 669
724.75 670
725.25 671
725.75 672
726.75 672
727.25 673
727.75 674
726.25 675
727.25 675
727.75 676
728.25 677
728.75 678
729.25 679
729.75 680
729.25 681
728.75 682
728.25 683
728.75 684
728.25 685
728.75 686
728.25 687
727.75 688
728.25 689
728.75 690
728.25 691
727.75 692
728.25 693
728.75 694
728.25 695
727.75 696
729.75 696
728.25 697
729.25 697
729.75 698
729.25 699
727.75 700
728.75 700
729.25 701
728.75 702
729.25 703
729.75 704
729.25 705
731.25 705
729.75 706
730.75 706
727.25 707
728.25 707
729.25 707
729.75 708
729.25 709
729.75 710
730.75 710
728.25 711
729.25 711
729.75 712
729.25 713
728.75 714
728.25 715
727.75 716
727.25 717
727.75 718
728.25 719
728.75 720
729.75 720
728.25 721
727.75 722
726.25 723
727.25 723
727.75 724
730.75 724
728.25 725
729.25 725
730.25 725
730.75 726
731.25 727
731.75 728
731.25 729
730.75 730
731.25 731
732.25 731
732.75 732
733.25 733
733.75 734
733.25 735
733.75 736
734.25 737
735.25 737
736.25 737
737.25 737
738.25 737
738.75 738
739.25 739
745.25 739
739.75 740
744.75 740
740.25 741
741.25 741
742.25 741
743.25 741
744.25 741
744.75 742
745.25 743
745.75 744
745.25 745
746.25 745
746.75 746
747.25 747
747.75 748
747.25 749
747.75 750
748.75 750
749.75 750
