1
1
1
0.985735
0.971373
0.956823
0.94201
0.926865
0.911334
0.895366
0.878915
0.861934
0.844378
0.826199
0.807345
0.787761
0.767384
0.746147
0.72397
0.700768
0.676438
0.650867
0.623921
0.595443
0.565249
0.533119
0.498792
0.461944
0.422183
0.379012
0.331808
0.279767
0.221848
0.156723
0.0828986
0
0
0
0
0
0
0
0
0
0
0
0.0828986
0.156723
0.221848
0.279767
0.331808
0.379012
0.422183
0.461944
0.498792
0.533119
0.565249
0.595443
0.623921
0.650867
0.676438
0.700768
0.72397
0.746147
0.767384
0.787761
0.807345
0.826199
0.844378
0.861934
0.878915
0.895366
0.911334
0.926865
0.94201
0.956823
0.971373
0.985735
1
1

